1, 1, 1 
0.998475, 0.999847, 0.996953 
0.996951, 0.999695, 0.993911 
0.995426, 0.999542, 0.990873 
0.993902, 0.999388, 0.98784 
0.992377, 0.999235, 0.984812 
0.990853, 0.999081, 0.981789 
0.989328, 0.998928, 0.978771 
0.987804, 0.998774, 0.975757 
0.98628, 0.998619, 0.972748 
0.984756, 0.998465, 0.969745 
0.983232, 0.99831, 0.966745 
0.981708, 0.998156, 0.963751 
0.980184, 0.998001, 0.960761 
0.978661, 0.997845, 0.957777 
0.977137, 0.99769, 0.954797 
0.975613, 0.997534, 0.951821 
0.97409, 0.997378, 0.948851 
0.972566, 0.997222, 0.945885 
0.971043, 0.997066, 0.942925 
0.96952, 0.996909, 0.939969 
0.967997, 0.996753, 0.937017 
0.966473, 0.996596, 0.934071 
0.96495, 0.996439, 0.931129 
0.963427, 0.996281, 0.928193 
0.961905, 0.996124, 0.92526 
0.960382, 0.995966, 0.922333 
0.958859, 0.995808, 0.919411 
0.957336, 0.995649, 0.916493 
0.955814, 0.995491, 0.91358 
0.954291, 0.995332, 0.910672 
0.952769, 0.995173, 0.907769 
0.951247, 0.995014, 0.90487 
0.949725, 0.994855, 0.901977 
0.948202, 0.994695, 0.899088 
0.94668, 0.994536, 0.896204 
0.945158, 0.994376, 0.893325 
0.943637, 0.994215, 0.89045 
0.942115, 0.994055, 0.88758 
0.940593, 0.993894, 0.884715 
0.939072, 0.993733, 0.881855 
0.93755, 0.993572, 0.879 
0.936029, 0.993411, 0.876149 
0.934507, 0.993249, 0.873304 
0.932986, 0.993087, 0.870463 
0.931465, 0.992925, 0.867627 
0.929944, 0.992763, 0.864795 
0.928423, 0.992601, 0.861969 
0.926902, 0.992438, 0.859147 
0.925381, 0.992275, 0.85633 
0.92386, 0.992112, 0.853518 
0.92234, 0.991948, 0.85071 
0.920819, 0.991785, 0.847908 
0.919299, 0.991621, 0.84511 
0.917778, 0.991457, 0.842317 
0.916258, 0.991292, 0.839529 
0.914738, 0.991128, 0.836745 
0.913218, 0.990963, 0.833967 
0.911698, 0.990798, 0.831193 
0.910178, 0.990633, 0.828424 
0.908658, 0.990467, 0.825659 
0.907138, 0.990301, 0.8229 
0.905619, 0.990135, 0.820145 
0.904099, 0.989969, 0.817395 
0.90258, 0.989803, 0.81465 
0.901061, 0.989636, 0.81191 
0.899541, 0.989469, 0.809175 
0.898022, 0.989302, 0.806444 
0.896503, 0.989134, 0.803718 
0.894984, 0.988966, 0.800997 
0.893465, 0.988798, 0.79828 
0.891947, 0.98863, 0.795569 
0.890428, 0.988462, 0.792862 
0.88891, 0.988293, 0.79016 
0.887391, 0.988124, 0.787463 
0.885873, 0.987955, 0.784771 
0.884355, 0.987785, 0.782083 
0.882836, 0.987616, 0.7794 
0.881318, 0.987446, 0.776722 
0.879801, 0.987276, 0.774049 
0.878283, 0.987105, 0.771381 
0.876765, 0.986934, 0.768717 
0.875247, 0.986764, 0.766058 
0.87373, 0.986592, 0.763404 
0.872213, 0.986421, 0.760755 
0.870695, 0.986249, 0.75811 
0.869178, 0.986077, 0.755471 
0.867661, 0.985905, 0.752836 
0.866144, 0.985732, 0.750206 
0.864627, 0.98556, 0.74758 
0.863111, 0.985387, 0.74496 
0.861594, 0.985213, 0.742344 
0.860077, 0.98504, 0.739733 
0.858561, 0.984866, 0.737127 
0.857045, 0.984692, 0.734526 
0.855528, 0.984518, 0.731929 
0.854012, 0.984343, 0.729337 
0.852496, 0.984168, 0.72675 
0.850981, 0.983993, 0.724168 
0.849465, 0.983817, 0.721591 
0.847949, 0.983642, 0.719018 
0.846434, 0.983466, 0.71645 
0.844918, 0.98329, 0.713887 
0.843403, 0.983113, 0.711329 
0.841888, 0.982936, 0.708775 
0.840373, 0.982759, 0.706227 
0.838858, 0.982582, 0.703683 
0.837343, 0.982405, 0.701144 
0.835828, 0.982227, 0.698609 
0.834314, 0.982049, 0.69608 
0.832799, 0.98187, 0.693555 
0.831285, 0.981691, 0.691035 
0.829771, 0.981512, 0.68852 
0.828257, 0.981333, 0.686009 
0.826743, 0.981154, 0.683504 
0.825229, 0.980974, 0.681003 
0.823715, 0.980794, 0.678507 
0.822202, 0.980613, 0.676016 
0.820688, 0.980433, 0.673529 
0.819175, 0.980252, 0.671047 
0.817662, 0.980071, 0.668571 
0.816149, 0.979889, 0.666098 
0.814636, 0.979707, 0.663631 
0.813123, 0.979525, 0.661169 
0.81161, 0.979343, 0.658711 
0.810097, 0.97916, 0.656258 
0.808585, 0.978977, 0.65381 
0.807073, 0.978794, 0.651366 
0.805561, 0.97861, 0.648928 
0.804048, 0.978427, 0.646494 
0.802537, 0.978242, 0.644065 
0.801025, 0.978058, 0.641641 
0.799513, 0.977873, 0.639221 
0.798002, 0.977688, 0.636807 
0.79649, 0.977503, 0.634397 
0.794979, 0.977317, 0.631992 
0.793468, 0.977131, 0.629591 
0.791957, 0.976945, 0.627196 
0.790446, 0.976759, 0.624805 
0.788935, 0.976572, 0.622419 
0.787425, 0.976385, 0.620038 
0.785914, 0.976197, 0.617661 
0.784404, 0.976009, 0.61529 
0.782894, 0.975821, 0.612923 
0.781384, 0.975633, 0.610561 
0.779874, 0.975444, 0.608204 
0.778364, 0.975255, 0.605851 
0.776855, 0.975066, 0.603503 
0.775345, 0.974876, 0.60116 
0.773836, 0.974686, 0.598822 
0.772327, 0.974496, 0.596489 
0.770818, 0.974306, 0.59416 
0.769309, 0.974115, 0.591837 
0.7678, 0.973923, 0.589518 
0.766292, 0.973732, 0.587203 
0.764784, 0.97354, 0.584894 
0.763275, 0.973348, 0.582589 
0.761767, 0.973155, 0.580289 
0.760259, 0.972963, 0.577994 
0.758752, 0.97277, 0.575704 
0.757244, 0.972576, 0.573418 
0.755736, 0.972382, 0.571138 
0.754229, 0.972188, 0.568862 
0.752722, 0.971994, 0.56659 
0.751215, 0.971799, 0.564324 
0.749708, 0.971604, 0.562062 
0.748201, 0.971408, 0.559805 
0.746695, 0.971213, 0.557553 
0.745189, 0.971017, 0.555306 
0.743682, 0.97082, 0.553064 
0.742176, 0.970623, 0.550826 
0.740671, 0.970426, 0.548593 
0.739165, 0.970229, 0.546365 
0.737659, 0.970031, 0.544141 
0.736154, 0.969833, 0.541923 
0.734649, 0.969634, 0.539709 
0.733144, 0.969435, 0.5375 
0.731639, 0.969236, 0.535295 
0.730134, 0.969037, 0.533096 
0.72863, 0.968837, 0.530901 
0.727125, 0.968637, 0.528711 
0.725621, 0.968436, 0.526526 
0.724117, 0.968235, 0.524345 
0.722613, 0.968034, 0.52217 
0.72111, 0.967832, 0.519999 
0.719606, 0.96763, 0.517833 
0.718103, 0.967428, 0.515672 
0.7166, 0.967225, 0.513515 
0.715097, 0.967022, 0.511363 
0.713594, 0.966819, 0.509216 
0.712091, 0.966615, 0.507074 
0.710589, 0.966411, 0.504937 
0.709087, 0.966206, 0.502804 
0.707585, 0.966002, 0.500676 
0.706083, 0.965796, 0.498553 
0.704581, 0.965591, 0.496435 
0.70308, 0.965385, 0.494321 
0.701578, 0.965178, 0.492212 
0.700077, 0.964972, 0.490108 
0.698576, 0.964765, 0.488009 
0.697076, 0.964557, 0.485915 
0.695575, 0.964349, 0.483825 
0.694075, 0.964141, 0.48174 
0.692575, 0.963933, 0.47966 
0.691075, 0.963724, 0.477584 
0.689575, 0.963514, 0.475514 
0.688075, 0.963305, 0.473448 
0.686576, 0.963094, 0.471387 
0.685077, 0.962884, 0.469331 
0.683578, 0.962673, 0.467279 
0.682079, 0.962462, 0.465232 
0.680581, 0.96225, 0.46319 
0.679082, 0.962038, 0.461153 
0.677584, 0.961826, 0.459121 
0.676086, 0.961613, 0.457093 
0.674589, 0.9614, 0.45507 
0.673091, 0.961186, 0.453052 
0.671594, 0.960972, 0.451038 
0.670097, 0.960757, 0.44903 
0.6686, 0.960543, 0.447026 
0.667103, 0.960327, 0.445027 
0.665607, 0.960112, 0.443033 
0.664111, 0.959896, 0.441043 
0.662615, 0.959679, 0.439058 
0.661119, 0.959462, 0.437078 
0.659623, 0.959245, 0.435103 
0.658128, 0.959027, 0.433133 
0.656633, 0.958809, 0.431167 
0.655138, 0.958591, 0.429206 
0.653643, 0.958372, 0.42725 
0.652149, 0.958153, 0.425298 
0.650655, 0.957933, 0.423352 
0.649161, 0.957713, 0.42141 
0.647667, 0.957492, 0.419473 
0.646174, 0.957271, 0.41754 
0.64468, 0.95705, 0.415613 
0.643187, 0.956828, 0.41369 
0.641695, 0.956605, 0.411772 
0.640202, 0.956383, 0.409859 
0.63871, 0.95616, 0.40795 
0.637218, 0.955936, 0.406046 
0.635726, 0.955712, 0.404147 
0.634234, 0.955487, 0.402253 
0.632743, 0.955262, 0.400364 
0.631252, 0.955037, 0.398479 
0.629761, 0.954811, 0.396599 
0.62827, 0.954585, 0.394724 
0.62678, 0.954358, 0.392853 
0.62529, 0.954131, 0.390987 
0.6238, 0.953904, 0.389127 
0.62231, 0.953676, 0.38727 
0.620821, 0.953447, 0.385419 
0.619332, 0.953218, 0.383572 
0.617843, 0.952989, 0.38173 
0.616355, 0.952759, 0.379893 
0.614867, 0.952529, 0.378061 
0.613378, 0.952298, 0.376233 
0.611891, 0.952067, 0.37441 
0.610403, 0.951835, 0.372592 
0.608916, 0.951603, 0.370779 
0.607429, 0.95137, 0.36897 
0.605943, 0.951137, 0.367166 
0.604456, 0.950904, 0.365367 
0.60297, 0.95067, 0.363573 
0.601484, 0.950435, 0.361783 
0.599999, 0.9502, 0.359998 
0.598513, 0.949965, 0.358218 
0.597028, 0.949729, 0.356443 
0.595544, 0.949492, 0.354672 
0.594059, 0.949255, 0.352907 
0.592575, 0.949018, 0.351145 
0.591091, 0.94878, 0.349389 
0.589608, 0.948541, 0.347638 
0.588125, 0.948303, 0.345891 
0.586642, 0.948063, 0.344149 
0.585159, 0.947823, 0.342411 
0.583677, 0.947583, 0.340679 
0.582195, 0.947342, 0.338951 
0.580713, 0.947101, 0.337228 
0.579232, 0.946859, 0.335509 
0.577751, 0.946616, 0.333796 
0.57627, 0.946374, 0.332087 
0.574789, 0.94613, 0.330383 
0.573309, 0.945886, 0.328683 
0.571829, 0.945642, 0.326989 
0.57035, 0.945397, 0.325299 
0.568871, 0.945151, 0.323614 
0.567392, 0.944905, 0.321933 
0.565913, 0.944659, 0.320258 
0.564435, 0.944412, 0.318587 
0.562957, 0.944164, 0.31692 
0.561479, 0.943916, 0.315259 
0.560002, 0.943667, 0.313602 
0.558525, 0.943418, 0.31195 
0.557049, 0.943169, 0.310303 
0.555572, 0.942918, 0.308661 
0.554096, 0.942668, 0.307023 
0.552621, 0.942416, 0.30539 
0.551146, 0.942164, 0.303762 
0.549671, 0.941912, 0.302138 
0.548196, 0.941659, 0.300519 
0.546722, 0.941405, 0.298905 
0.545248, 0.941151, 0.297296 
0.543775, 0.940897, 0.295691 
0.542302, 0.940641, 0.294091 
0.540829, 0.940386, 0.292496 
0.539357, 0.940129, 0.290906 
0.537885, 0.939872, 0.28932 
0.536413, 0.939615, 0.287739 
0.534942, 0.939357, 0.286163 
0.533471, 0.939098, 0.284592 
0.532001, 0.938839, 0.283025 
0.530531, 0.938579, 0.281463 
0.529061, 0.938319, 0.279905 
0.527592, 0.938058, 0.278353 
0.526123, 0.937797, 0.276805 
0.524654, 0.937535, 0.275262 
0.523186, 0.937272, 0.273724 
0.521718, 0.937009, 0.27219 
0.520251, 0.936745, 0.270661 
0.518784, 0.93648, 0.269137 
0.517317, 0.936215, 0.267617 
0.515851, 0.93595, 0.266102 
0.514385, 0.935683, 0.264592 
0.51292, 0.935416, 0.263087 
0.511455, 0.935149, 0.261586 
0.509991, 0.934881, 0.26009 
0.508527, 0.934612, 0.258599 
0.507063, 0.934343, 0.257113 
0.5056, 0.934073, 0.255631 
0.504137, 0.933802, 0.254154 
0.502674, 0.933531, 0.252682 
0.501213, 0.933259, 0.251214 
0.499751, 0.932987, 0.249751 
0.49829, 0.932713, 0.248293 
0.496829, 0.93244, 0.246839 
0.495369, 0.932165, 0.245391 
0.493909, 0.93189, 0.243947 
0.49245, 0.931614, 0.242507 
0.490991, 0.931338, 0.241073 
0.489533, 0.931061, 0.239643 
0.488075, 0.930783, 0.238217 
0.486618, 0.930505, 0.236797 
0.485161, 0.930226, 0.235381 
0.483704, 0.929947, 0.23397 
0.482248, 0.929666, 0.232563 
0.480793, 0.929385, 0.231162 
0.479338, 0.929104, 0.229765 
0.477883, 0.928821, 0.228372 
0.476429, 0.928538, 0.226985 
0.474976, 0.928255, 0.225602 
0.473522, 0.92797, 0.224224 
0.47207, 0.927685, 0.22285 
0.470618, 0.927399, 0.221481 
0.469166, 0.927113, 0.220117 
0.467715, 0.926826, 0.218758 
0.466265, 0.926538, 0.217403 
0.464815, 0.926249, 0.216053 
0.463365, 0.92596, 0.214707 
0.461916, 0.92567, 0.213367 
0.460468, 0.92538, 0.212031 
0.45902, 0.925088, 0.210699 
0.457572, 0.924796, 0.209373 
0.456126, 0.924503, 0.208051 
0.454679, 0.92421, 0.206733 
0.453234, 0.923915, 0.205421 
0.451788, 0.92362, 0.204113 
0.450344, 0.923325, 0.20281 
0.4489, 0.923028, 0.201511 
0.447456, 0.922731, 0.200217 
0.446013, 0.922433, 0.198928 
0.444571, 0.922134, 0.197643 
0.443129, 0.921835, 0.196363 
0.441688, 0.921534, 0.195088 
0.440247, 0.921233, 0.193818 
0.438807, 0.920932, 0.192552 
0.437368, 0.920629, 0.191291 
0.435929, 0.920326, 0.190034 
0.434491, 0.920022, 0.188782 
0.433053, 0.919717, 0.187535 
0.431616, 0.919411, 0.186292 
0.43018, 0.919105, 0.185055 
0.428744, 0.918797, 0.183821 
0.427309, 0.918489, 0.182593 
0.425874, 0.918181, 0.181369 
0.42444, 0.917871, 0.18015 
0.423007, 0.917561, 0.178935 
0.421574, 0.917249, 0.177725 
0.420143, 0.916937, 0.17652 
0.418711, 0.916624, 0.175319 
0.417281, 0.916311, 0.174123 
0.415851, 0.915996, 0.172932 
0.414421, 0.915681, 0.171745 
0.412993, 0.915365, 0.170563 
0.411565, 0.915048, 0.169385 
0.410137, 0.91473, 0.168213 
0.408711, 0.914411, 0.167045 
0.407285, 0.914092, 0.165881 
0.40586, 0.913771, 0.164722 
0.404435, 0.91345, 0.163568 
0.403011, 0.913128, 0.162418 
0.401588, 0.912805, 0.161273 
0.400166, 0.912481, 0.160133 
0.398744, 0.912157, 0.158997 
0.397324, 0.911831, 0.157866 
0.395903, 0.911505, 0.156739 
0.394484, 0.911177, 0.155618 
0.393065, 0.910849, 0.1545 
0.391647, 0.91052, 0.153388 
0.39023, 0.91019, 0.15228 
0.388814, 0.909859, 0.151176 
0.387398, 0.909527, 0.150077 
0.385983, 0.909195, 0.148983 
0.384569, 0.908861, 0.147894 
0.383156, 0.908526, 0.146809 
0.381744, 0.908191, 0.145728 
0.380332, 0.907855, 0.144652 
0.378921, 0.907517, 0.143581 
0.377511, 0.907179, 0.142515 
0.376102, 0.90684, 0.141453 
0.374693, 0.9065, 0.140395 
0.373286, 0.906158, 0.139342 
0.371879, 0.905816, 0.138294 
0.370473, 0.905473, 0.13725 
0.369068, 0.905129, 0.136211 
0.367664, 0.904784, 0.135177 
0.366261, 0.904438, 0.134147 
0.364858, 0.904092, 0.133122 
0.363457, 0.903744, 0.132101 
0.362056, 0.903395, 0.131085 
0.360656, 0.903045, 0.130073 
0.359257, 0.902694, 0.129066 
0.357859, 0.902342, 0.128063 
0.356462, 0.901989, 0.127065 
0.355066, 0.901635, 0.126072 
0.353671, 0.90128, 0.125083 
0.352277, 0.900924, 0.124099 
0.350883, 0.900567, 0.123119 
0.349491, 0.900209, 0.122144 
0.348099, 0.89985, 0.121173 
0.346709, 0.89949, 0.120207 
0.345319, 0.899129, 0.119246 
0.343931, 0.898767, 0.118288 
0.342543, 0.898404, 0.117336 
0.341157, 0.898039, 0.116388 
0.339771, 0.897674, 0.115445 
0.338387, 0.897308, 0.114506 
0.337003, 0.89694, 0.113571 
0.335621, 0.896571, 0.112641 
0.334239, 0.896202, 0.111716 
0.332859, 0.895831, 0.110795 
0.33148, 0.895459, 0.109879 
0.330101, 0.895086, 0.108967 
0.328724, 0.894712, 0.108059 
0.327348, 0.894336, 0.107157 
0.325973, 0.89396, 0.106258 
0.324599, 0.893583, 0.105364 
0.323226, 0.893204, 0.104475 
0.321854, 0.892824, 0.10359 
0.320483, 0.892443, 0.10271 
0.319114, 0.892061, 0.101834 
0.317746, 0.891678, 0.100962 
0.316378, 0.891293, 0.100095 
0.315012, 0.890908, 0.0992327 
0.313647, 0.890521, 0.0983746 
0.312283, 0.890133, 0.097521 
0.310921, 0.889744, 0.0966718 
0.30956, 0.889353, 0.0958271 
0.308199, 0.888962, 0.0949868 
0.30684, 0.888569, 0.094151 
0.305483, 0.888175, 0.0933196 
0.304126, 0.88778, 0.0924927 
0.302771, 0.887384, 0.0916701 
0.301417, 0.886986, 0.0908521 
0.300064, 0.886587, 0.0900384 
0.298712, 0.886187, 0.0892291 
0.297362, 0.885786, 0.0884243 
0.296013, 0.885383, 0.0876238 
0.294666, 0.884979, 0.0868278 
0.293319, 0.884574, 0.0860362 
0.291974, 0.884167, 0.085249 
0.290631, 0.88376, 0.0844661 
0.289288, 0.883351, 0.0836877 
0.287947, 0.88294, 0.0829136 
0.286608, 0.882529, 0.0821439 
0.285269, 0.882116, 0.0813786 
0.283932, 0.881701, 0.0806176 
0.282597, 0.881286, 0.079861 
0.281263, 0.880869, 0.0791088 
0.27993, 0.880451, 0.0783609 
0.278599, 0.880031, 0.0776173 
0.277269, 0.87961, 0.0768781 
0.275941, 0.879188, 0.0761433 
0.274614, 0.878764, 0.0754127 
0.273288, 0.878339, 0.0746865 
0.271964, 0.877912, 0.0739646 
0.270642, 0.877485, 0.0732471 
0.269321, 0.877055, 0.0725338 
0.268002, 0.876625, 0.0718248 
0.266684, 0.876193, 0.0711202 
0.265367, 0.875759, 0.0704198 
0.264053, 0.875324, 0.0697237 
0.262739, 0.874888, 0.0690319 
0.261428, 0.87445, 0.0683444 
0.260118, 0.874011, 0.0676611 
0.258809, 0.87357, 0.0669822 
0.257502, 0.873128, 0.0663074 
0.256197, 0.872685, 0.0656369 
0.254893, 0.87224, 0.0649707 
0.253592, 0.871793, 0.0643087 
0.252291, 0.871345, 0.0636509 
0.250993, 0.870896, 0.0629973 
0.249696, 0.870445, 0.062348 
0.248401, 0.869992, 0.0617029 
0.247107, 0.869538, 0.061062 
0.245815, 0.869082, 0.0604252 
0.244525, 0.868625, 0.0597927 
0.243237, 0.868166, 0.0591644 
0.241951, 0.867706, 0.0585402 
0.240666, 0.867244, 0.0579202 
0.239383, 0.866781, 0.0573043 
0.238102, 0.866316, 0.0566927 
0.236823, 0.865849, 0.0560851 
0.235546, 0.865381, 0.0554817 
0.23427, 0.864912, 0.0548825 
0.232996, 0.86444, 0.0542873 
0.231725, 0.863967, 0.0536963 
0.230455, 0.863492, 0.0531094 
0.229187, 0.863016, 0.0525266 
0.227921, 0.862538, 0.0519478 
0.226657, 0.862059, 0.0513732 
0.225394, 0.861577, 0.0508027 
0.224134, 0.861095, 0.0502362 
0.222876, 0.86061, 0.0496737 
0.22162, 0.860124, 0.0491154 
0.220366, 0.859636, 0.048561 
0.219113, 0.859146, 0.0480107 
0.217863, 0.858654, 0.0474644 
0.216615, 0.858161, 0.0469222 
0.215369, 0.857666, 0.0463839 
0.214125, 0.85717, 0.0458497 
0.212884, 0.856671, 0.0453194 
0.211644, 0.856171, 0.0447932 
0.210406, 0.855669, 0.0442709 
0.209171, 0.855165, 0.0437525 
0.207938, 0.85466, 0.0432381 
0.206707, 0.854153, 0.0427277 
0.205478, 0.853643, 0.0422212 
0.204251, 0.853132, 0.0417186 
0.203027, 0.85262, 0.0412199 
0.201805, 0.852105, 0.0407251 
0.200585, 0.851589, 0.0402343 
0.199367, 0.85107, 0.0397473 
0.198152, 0.85055, 0.0392642 
0.196939, 0.850028, 0.0387849 
0.195728, 0.849504, 0.0383095 
0.19452, 0.848978, 0.0378379 
0.193314, 0.84845, 0.0373702 
0.19211, 0.84792, 0.0369063 
0.190909, 0.847389, 0.0364462 
0.18971, 0.846855, 0.0359899 
0.188514, 0.846319, 0.0355374 
0.18732, 0.845782, 0.0350887 
0.186128, 0.845242, 0.0346437 
0.184939, 0.844701, 0.0342025 
0.183753, 0.844157, 0.0337651 
0.182569, 0.843612, 0.0333313 
0.181387, 0.843064, 0.0329013 
0.180208, 0.842515, 0.032475 
0.179032, 0.841963, 0.0320524 
0.177858, 0.841409, 0.0316335 
0.176687, 0.840854, 0.0312182 
0.175518, 0.840296, 0.0308066 
0.174352, 0.839736, 0.0303987 
0.173189, 0.839174, 0.0299943 
0.172028, 0.83861, 0.0295937 
0.17087, 0.838044, 0.0291966 
0.169715, 0.837475, 0.0288031 
0.168562, 0.836905, 0.0284132 
0.167412, 0.836332, 0.0280269 
0.166265, 0.835757, 0.0276441 
0.165121, 0.83518, 0.0272649 
0.163979, 0.834601, 0.0268892 
0.16284, 0.83402, 0.026517 
0.161704, 0.833436, 0.0261483 
0.160571, 0.83285, 0.0257831 
0.159441, 0.832262, 0.0254214 
0.158314, 0.831672, 0.0250632 
0.157189, 0.831079, 0.0247084 
0.156067, 0.830484, 0.0243571 
0.154949, 0.829887, 0.0240091 
0.153833, 0.829287, 0.0236646 
0.15272, 0.828685, 0.0233235 
0.15161, 0.828081, 0.0229857 
0.150504, 0.827475, 0.0226513 
0.1494, 0.826866, 0.0223203 
0.148299, 0.826254, 0.0219926 
0.147201, 0.825641, 0.0216682 
0.146107, 0.825025, 0.0213471 
0.145015, 0.824406, 0.0210293 
0.143926, 0.823785, 0.0207148 
0.142841, 0.823162, 0.0204036 
0.141759, 0.822536, 0.0200956 
0.14068, 0.821908, 0.0197908 
0.139604, 0.821277, 0.0194892 
0.138531, 0.820644, 0.0191908 
0.137461, 0.820008, 0.0188956 
0.136395, 0.81937, 0.0186036 
0.135332, 0.818729, 0.0183147 
0.134272, 0.818085, 0.018029 
0.133216, 0.817439, 0.0177464 
0.132162, 0.816791, 0.0174669 
0.131112, 0.816139, 0.0171904 
0.130066, 0.815486, 0.0169171 
0.129022, 0.814829, 0.0166468 
0.127982, 0.81417, 0.0163795 
0.126946, 0.813508, 0.0161152 
0.125913, 0.812843, 0.015854 
0.124883, 0.812176, 0.0155957 
0.123856, 0.811506, 0.0153404 
0.122833, 0.810833, 0.0150881 
0.121814, 0.810158, 0.0148387 
0.120798, 0.80948, 0.0145922 
0.119786, 0.808799, 0.0143486 
0.118777, 0.808115, 0.0141079 
0.117771, 0.807428, 0.01387 
0.116769, 0.806739, 0.013635 
0.115771, 0.806046, 0.0134029 
0.114776, 0.805351, 0.0131735 
0.113785, 0.804653, 0.012947 
0.112797, 0.803951, 0.0127232 
0.111813, 0.803247, 0.0125022 
0.110833, 0.80254, 0.0122839 
0.109856, 0.80183, 0.0120684 
0.108883, 0.801117, 0.0118555 
0.107914, 0.800401, 0.0116454 
0.106948, 0.799682, 0.0114379 
0.105986, 0.79896, 0.0112331 
0.105028, 0.798235, 0.0110309 
0.104074, 0.797506, 0.0108313 
0.103123, 0.796775, 0.0106344 
0.102176, 0.79604, 0.01044 
0.101233, 0.795302, 0.0102481 
0.100294, 0.794561, 0.0100588 
0.0993582, 0.793817, 0.00987206 
0.0984266, 0.79307, 0.0096878 
0.0974988, 0.792319, 0.00950602 
0.0965749, 0.791565, 0.00932672 
0.0956549, 0.790807, 0.00914986 
0.0947388, 0.790047, 0.00897543 
0.0938266, 0.789283, 0.00880342 
0.0929183, 0.788515, 0.0086338 
0.0920139, 0.787744, 0.00846656 
0.0911135, 0.78697, 0.00830167 
0.0902171, 0.786192, 0.00813912 
0.0893246, 0.785411, 0.00797888 
0.0884361, 0.784627, 0.00782095 
0.0875517, 0.783838, 0.0076653 
0.0866712, 0.783046, 0.0075119 
0.0857948, 0.782251, 0.00736076 
0.0849225, 0.781452, 0.00721183 
0.0840542, 0.780649, 0.00706511 
0.08319, 0.779843, 0.00692057 
0.0823299, 0.779033, 0.0067782 
0.0814738, 0.778219, 0.00663798 
0.0806219, 0.777401, 0.00649989 
0.0797741, 0.77658, 0.00636391 
0.0789304, 0.775755, 0.00623001 
0.0780909, 0.774926, 0.00609819 
0.0772556, 0.774093, 0.00596842 
0.0764244, 0.773256, 0.00584069 
0.0755974, 0.772415, 0.00571497 
0.0747746, 0.77157, 0.00559124 
0.073956, 0.770721, 0.00546949 
0.0731416, 0.769868, 0.0053497 
0.0723315, 0.769011, 0.00523184 
0.0715256, 0.76815, 0.00511591 
0.0707239, 0.767285, 0.00500188 
0.0699266, 0.766415, 0.00488972 
0.0691334, 0.765542, 0.00477943 
0.0683446, 0.764664, 0.00467099 
0.0675601, 0.763781, 0.00456437 
0.0667799, 0.762895, 0.00445955 
0.066004, 0.762004, 0.00435652 
0.0652324, 0.761108, 0.00425526 
0.0644651, 0.760208, 0.00415576 
0.0637023, 0.759304, 0.00405798 
0.0629437, 0.758395, 0.00396191 
0.0621895, 0.757481, 0.00386754 
0.0614397, 0.756563, 0.00377484 
0.0606943, 0.75564, 0.0036838 
0.0599533, 0.754712, 0.0035944 
0.0592167, 0.75378, 0.00350662 
0.0584845, 0.752842, 0.00342044 
0.0577567, 0.7519, 0.00333584 
0.0570334, 0.750953, 0.00325281 
0.0563145, 0.750001, 0.00317132 
0.0556, 0.749044, 0.00309136 
0.05489, 0.748082, 0.00301291 
0.0541845, 0.747115, 0.00293596 
0.0534834, 0.746143, 0.00286048 
0.0527868, 0.745165, 0.00278645 
0.0520947, 0.744182, 0.00271386 
0.0514071, 0.743194, 0.00264269 
0.0507241, 0.742201, 0.00257293 
0.0500455, 0.741202, 0.00250455 
0.0493714, 0.740197, 0.00243754 
0.0487019, 0.739187, 0.00237187 
0.0480369, 0.738172, 0.00230754 
0.0473765, 0.737151, 0.00224453 
0.0467206, 0.736124, 0.00218281 
0.0460692, 0.735091, 0.00212237 
0.0454224, 0.734052, 0.0020632 
0.0447802, 0.733008, 0.00200527 
0.0441426, 0.731957, 0.00194857 
0.0435096, 0.730901, 0.00189308 
0.0428811, 0.729838, 0.00183879 
0.0422572, 0.728769, 0.00178567 
0.041638, 0.727694, 0.00173372 
0.0410233, 0.726613, 0.00168291 
0.0404133, 0.725525, 0.00163324 
0.0398079, 0.724431, 0.00158467 
0.0392071, 0.72333, 0.0015372 
0.038611, 0.722223, 0.00149081 
0.0380195, 0.721109, 0.00144548 
0.0374326, 0.719988, 0.0014012 
0.0368504, 0.71886, 0.00135796 
0.0362729, 0.717725, 0.00131572 
0.0357, 0.716584, 0.00127449 
0.0351318, 0.715435, 0.00123424 
0.0345683, 0.714279, 0.00119497 
0.0340094, 0.713116, 0.00115664 
0.0334553, 0.711945, 0.00111925 
0.0329058, 0.710767, 0.00108279 
0.032361, 0.709581, 0.00104724 
0.0318209, 0.708388, 0.00101257 
0.0312856, 0.707187, 0.000978786 
0.0307549, 0.705978, 0.000945864 
0.030229, 0.704762, 0.00091379 
0.0297077, 0.703537, 0.00088255 
0.0291913, 0.702304, 0.000852129 
0.0286795, 0.701063, 0.000822513 
0.0281725, 0.699814, 0.000793688 
0.0276702, 0.698556, 0.00076564 
0.0271727, 0.69729, 0.000738354 
0.0266799, 0.696015, 0.000711816 
0.0261919, 0.694731, 0.000686014 
0.0257086, 0.693438, 0.000660932 
0.0252301, 0.692137, 0.000636558 
0.0247564, 0.690826, 0.000612879 
0.0242874, 0.689506, 0.00058988 
0.0238233, 0.688177, 0.000567549 
0.0233639, 0.686838, 0.000545872 
0.0229093, 0.68549, 0.000524837 
0.0224595, 0.684132, 0.00050443 
0.0220145, 0.682765, 0.00048464 
0.0215744, 0.681387, 0.000465453 
0.021139, 0.679999, 0.000446856 
0.0207084, 0.678601, 0.000428839 
0.0202827, 0.677193, 0.000411387 
0.0198618, 0.675774, 0.00039449 
0.0194457, 0.674345, 0.000378135 
0.0190344, 0.672905, 0.00036231 
0.018628, 0.671455, 0.000347003 
0.0182265, 0.669993, 0.000332204 
0.0178297, 0.66852, 0.0003179 
0.0174379, 0.667036, 0.00030408 
0.0170509, 0.665541, 0.000290733 
0.0166687, 0.664034, 0.000277847 
0.0162915, 0.662515, 0.000265412 
0.0159191, 0.660985, 0.000253417 
0.0155516, 0.659443, 0.000241851 
0.0151889, 0.657889, 0.000230703 
0.0148312, 0.656323, 0.000219964 
0.0144783, 0.654744, 0.000209622 
0.0141304, 0.653154, 0.000199667 
0.0137873, 0.65155, 0.00019009 
0.0134491, 0.649934, 0.000180879 
0.0131159, 0.648306, 0.000172027 
0.0127876, 0.646664, 0.000163522 
0.0124641, 0.64501, 0.000155355 
0.0121457, 0.643342, 0.000147517 
0.0118321, 0.641662, 0.000139998 
0.0115234, 0.639968, 0.000132789 
0.0112197, 0.638261, 0.000125882 
0.0109209, 0.63654, 0.000119267 
0.0106271, 0.634806, 0.000112935 
0.0103381, 0.633059, 0.000106877 
0.0100542, 0.631298, 0.000101086 
0.0097751, 0.629524, 9.55526e-05 
0.00950098, 0.627736, 9.02686e-05 
0.00923179, 0.625934, 8.52259e-05 
0.00896753, 0.624119, 8.04165e-05 
0.00870819, 0.62229, 7.58326e-05 
0.00845377, 0.620448, 7.14663e-05 
0.00820427, 0.618592, 6.73101e-05 
0.00795968, 0.616722, 6.33565e-05 
0.00771999, 0.614839, 5.95983e-05 
0.00748519, 0.612943, 5.60281e-05 
0.00725527, 0.611034, 5.26389e-05 
0.00703022, 0.609112, 4.94239e-05 
0.00681001, 0.607176, 4.63763e-05 
0.00659465, 0.605228, 4.34894e-05 
0.0063841, 0.603268, 4.07567e-05 
0.00617835, 0.601294, 3.8172e-05 
0.00597737, 0.599309, 3.57289e-05 
0.00578114, 0.597312, 3.34215e-05 
0.00558963, 0.595303, 3.12439e-05 
0.00540281, 0.593283, 2.91903e-05 
0.00522065, 0.591252, 2.72551e-05 
0.00504311, 0.58921, 2.54329e-05 
0.00487015, 0.587157, 2.37184e-05 
0.00470174, 0.585094, 2.21063e-05 
0.00453782, 0.583022, 2.05918e-05 
0.00437836, 0.58094, 1.917e-05 
0.0042233, 0.578849, 1.78363e-05 
0.0040726, 0.576749, 1.6586e-05 
0.00392619, 0.574642, 1.54149e-05 
0.00378401, 0.572526, 1.43188e-05 
0.00364602, 0.570403, 1.32935e-05 
0.00351214, 0.568273, 1.23351e-05 
0.00338231, 0.566137, 1.144e-05 
0.00325647, 0.563994, 1.06046e-05 
0.00313454, 0.561846, 9.82532e-06 
0.00301645, 0.559693, 9.09896e-06 
0.00290213, 0.557534, 8.42234e-06 
0.0027915, 0.555372, 7.79247e-06 
0.00268449, 0.553205, 7.20648e-06 
0.00258102, 0.551035, 6.66165e-06 
0.00248101, 0.548862, 6.15539e-06 
0.00238438, 0.546685, 5.68524e-06 
0.00229104, 0.544507, 5.24889e-06 
0.00220093, 0.542326, 4.84411e-06 
0.00211396, 0.540144, 4.46883e-06 
0.00203004, 0.537961, 4.12108e-06 
0.0019491, 0.535776, 3.799e-06 
0.00187106, 0.533591, 3.50085e-06 
0.00179582, 0.531406, 3.22497e-06 
0.00172332, 0.52922, 2.96983e-06 
0.00165347, 0.527035, 2.73397e-06 
0.0015862, 0.524851, 2.51603e-06 
0.00152142, 0.522667, 2.31473e-06 
0.00145907, 0.520484, 2.12888e-06 
0.00139906, 0.518303, 1.95736e-06 
0.00134132, 0.516123, 1.79913e-06 
0.00128577, 0.513945, 1.65321e-06 
0.00123236, 0.511769, 1.5187e-06 
0.00118099, 0.509594, 1.39474e-06 
0.00113161, 0.507423, 1.28055e-06 
0.00108416, 0.505253, 1.17539e-06 
0.00103855, 0.503087, 1.07859e-06 
0.000994734, 0.500923, 9.89495e-07 
0.000952644, 0.498762, 9.0753e-07 
0.00091222, 0.496604, 8.32145e-07 
0.000873402, 0.494449, 7.62831e-07 
0.000836133, 0.492297, 6.99119e-07 
0.000800357, 0.490149, 6.40572e-07 
0.00076602, 0.488005, 5.86786e-07 
0.000733068, 0.485864, 5.37388e-07 
0.00070145, 0.483726, 4.92033e-07 
0.000671118, 0.481593, 4.504e-07 
0.000642023, 0.479463, 4.12193e-07 
0.000614118, 0.477337, 3.77141e-07 
0.000587358, 0.475215, 3.4499e-07 
0.000561701, 0.473097, 3.15508e-07 
0.000537103, 0.470984, 2.8848e-07 
0.000513524, 0.468874, 2.63707e-07 
0.000490925, 0.466768, 2.41007e-07 
0.000469268, 0.464667, 2.20212e-07 
0.000448516, 0.46257, 2.01166e-07 
0.000428633, 0.460478, 1.83727e-07 
0.000409587, 0.458389, 1.67761e-07 
0.000391343, 0.456306, 1.53149e-07 
0.00037387, 0.454226, 1.39779e-07 
0.000357137, 0.452151, 1.27547e-07 
0.000341116, 0.45008, 1.1636e-07 
0.000325777, 0.448014, 1.0613e-07 
0.000311093, 0.445953, 9.67786e-08 
0.000297037, 0.443896, 8.82311e-08 
0.000283585, 0.441843, 8.04206e-08 
0.000270712, 0.439796, 7.32852e-08 
0.000258395, 0.437752, 6.67679e-08 
0.00024661, 0.435714, 6.08165e-08 
0.000235336, 0.43368, 5.53832e-08 
0.000224553, 0.43165, 5.04239e-08 
0.000214239, 0.429625, 4.58984e-08 
0.000204376, 0.427605, 4.17695e-08 
0.000194945, 0.42559, 3.80035e-08 
0.000185928, 0.423579, 3.45691e-08 
0.000177307, 0.421573, 3.14379e-08 
0.000169067, 0.419572, 2.85838e-08 
0.000161192, 0.417575, 2.59828e-08 
0.000153665, 0.415583, 2.3613e-08 
0.000146473, 0.413596, 2.14544e-08 
0.000139602, 0.411613, 1.94886e-08 
0.000133037, 0.409635, 1.76988e-08 
0.000126766, 0.407662, 1.60696e-08 
0.000120777, 0.405694, 1.4587e-08 
0.000115057, 0.40373, 1.3238e-08 
0.000109594, 0.401771, 1.20109e-08 
0.000104379, 0.399817, 1.0895e-08 
9.94e-05, 0.397868, 9.88037e-09 
9.46472e-05, 0.395923, 8.95809e-09 
9.01107e-05, 0.393983, 8.11994e-09 
8.57813e-05, 0.392048, 7.35843e-09 
8.165e-05, 0.390118, 6.66672e-09 
7.77081e-05, 0.388192, 6.03855e-09 
7.39474e-05, 0.386271, 5.46823e-09 
7.03601e-05, 0.384355, 4.95055e-09 
6.69385e-05, 0.382444, 4.48077e-09 
6.36754e-05, 0.380537, 4.05455e-09 
6.05637e-05, 0.378635, 3.66797e-09 
5.75969e-05, 0.376738, 3.31741e-09 
5.47685e-05, 0.374846, 2.99959e-09 
5.20724e-05, 0.372959, 2.71154e-09 
4.95027e-05, 0.371076, 2.45052e-09 
4.70538e-05, 0.369198, 2.21406e-09 
4.47202e-05, 0.367325, 1.9999e-09 
4.24969e-05, 0.365457, 1.80599e-09 
4.03789e-05, 0.363593, 1.63046e-09 
3.83614e-05, 0.361734, 1.4716e-09 
3.644e-05, 0.35988, 1.32787e-09 
3.46102e-05, 0.358031, 1.19787e-09 
3.28679e-05, 0.356186, 1.0803e-09 
3.12092e-05, 0.354347, 9.74014e-10 
2.96302e-05, 0.352512, 8.7795e-10 
2.81273e-05, 0.350681, 7.91147e-10 
2.66971e-05, 0.348856, 7.12733e-10 
2.53361e-05, 0.347036, 6.41916e-10 
2.40412e-05, 0.34522, 5.77977e-10 
2.28093e-05, 0.343409, 5.20264e-10 
2.16376e-05, 0.341602, 4.68185e-10 
2.05232e-05, 0.339801, 4.21202e-10 
1.94635e-05, 0.338004, 3.78827e-10 
1.84559e-05, 0.336212, 3.4062e-10 
1.7498e-05, 0.334425, 3.0618e-10 
1.65875e-05, 0.332643, 2.75144e-10 
1.57221e-05, 0.330865, 2.47184e-10 
1.48997e-05, 0.329092, 2.22001e-10 
1.41183e-05, 0.327324, 1.99327e-10 
1.33759e-05, 0.325561, 1.78916e-10 
1.26708e-05, 0.323803, 1.60549e-10 
1.2001e-05, 0.322049, 1.44025e-10 
1.1365e-05, 0.3203, 1.29163e-10 
1.07611e-05, 0.318556, 1.15801e-10 
1.01877e-05, 0.316817, 1.0379e-10 
9.64352e-06, 0.315082, 9.29974e-11 
9.12698e-06, 0.313352, 8.33018e-11 
8.63681e-06, 0.311627, 7.45944e-11 
8.17171e-06, 0.309907, 6.67769e-11 
7.73048e-06, 0.308192, 5.97604e-11 
7.31195e-06, 0.306481, 5.34646e-11 
6.91501e-06, 0.304775, 4.78174e-11 
6.5386e-06, 0.303074, 4.27533e-11 
6.18171e-06, 0.301378, 3.82136e-11 
5.84338e-06, 0.299686, 3.41451e-11 
5.5227e-06, 0.297999, 3.05002e-11 
5.21878e-06, 0.296317, 2.72357e-11 
4.9308e-06, 0.29464, 2.43128e-11 
4.65797e-06, 0.292968, 2.16966e-11 
4.39951e-06, 0.2913, 1.93557e-11 
4.15472e-06, 0.289637, 1.72617e-11 
3.92291e-06, 0.287979, 1.53893e-11 
3.70343e-06, 0.286326, 1.37154e-11 
3.49564e-06, 0.284677, 1.22195e-11 
3.29897e-06, 0.283033, 1.08832e-11 
3.11284e-06, 0.281395, 9.68974e-12 
2.93671e-06, 0.27976, 8.62427e-12 
2.77008e-06, 0.278131, 7.67336e-12 
2.61246e-06, 0.276506, 6.82497e-12 
2.46339e-06, 0.274886, 6.06829e-12 
2.32242e-06, 0.273271, 5.39366e-12 
2.18915e-06, 0.271661, 4.79236e-12 
2.06315e-06, 0.270056, 4.25661e-12 
1.94407e-06, 0.268455, 3.77942e-12 
1.83154e-06, 0.266859, 3.35455e-12 
1.72522e-06, 0.265268, 2.97638e-12 
1.62478e-06, 0.263681, 2.63991e-12 
1.52991e-06, 0.2621, 2.34063e-12 
1.44032e-06, 0.260523, 2.07452e-12 
1.35573e-06, 0.258951, 1.83801e-12 
1.27588e-06, 0.257384, 1.62786e-12 
1.2005e-06, 0.255821, 1.44121e-12 
1.12937e-06, 0.254263, 1.27549e-12 
1.06226e-06, 0.25271, 1.1284e-12 
9.98951e-07, 0.251162, 9.97903e-13 
9.39236e-07, 0.249619, 8.82164e-13 
8.82923e-07, 0.24808, 7.79552e-13 
8.29828e-07, 0.246546, 6.88614e-13 
7.79776e-07, 0.245017, 6.0805e-13 
7.32601e-07, 0.243493, 5.36704e-13 
6.88147e-07, 0.241974, 4.73546e-13 
6.46263e-07, 0.240459, 4.17656e-13 
6.0681e-07, 0.238949, 3.68218e-13 
5.69652e-07, 0.237444, 3.24503e-13 
5.34663e-07, 0.235943, 2.85864e-13 
5.01722e-07, 0.234448, 2.51725e-13 
4.70716e-07, 0.232957, 2.21573e-13 
4.41536e-07, 0.231471, 1.94954e-13 
4.1408e-07, 0.22999, 1.71463e-13 
3.88252e-07, 0.228513, 1.5074e-13 
3.6396e-07, 0.227042, 1.32467e-13 
3.41116e-07, 0.225575, 1.1636e-13 
3.19639e-07, 0.224112, 1.02169e-13 
2.99451e-07, 0.222655, 8.9671e-14 
2.80479e-07, 0.221202, 7.86682e-14 
2.62652e-07, 0.219755, 6.8986e-14 
2.45905e-07, 0.218312, 6.04694e-14 
2.30177e-07, 0.216873, 5.29813e-14 
2.15407e-07, 0.21544, 4.64002e-14 
2.01541e-07, 0.214011, 4.06187e-14 
1.88526e-07, 0.212587, 3.55419e-14 
1.76312e-07, 0.211168, 3.10858e-14 
1.64852e-07, 0.209754, 2.71762e-14 
1.54103e-07, 0.208344, 2.37476e-14 
1.44021e-07, 0.206939, 2.07421e-14 
1.34569e-07, 0.205539, 1.81088e-14 
1.25708e-07, 0.204144, 1.58024e-14 
1.17403e-07, 0.202753, 1.37835e-14 
1.09621e-07, 0.201368, 1.20168e-14 
1.02331e-07, 0.199987, 1.04717e-14 
9.55038e-08, 0.19861, 9.12097e-15 
8.91104e-08, 0.197239, 7.94066e-15 
8.31251e-08, 0.195872, 6.90978e-15 
7.75231e-08, 0.194511, 6.00984e-15 
7.22811e-08, 0.193153, 5.22456e-15 
6.73771e-08, 0.191801, 4.53967e-15 
6.27903e-08, 0.190454, 3.94262e-15 
5.85012e-08, 0.189111, 3.42239e-15 
5.44915e-08, 0.187773, 2.96933e-15 
5.07439e-08, 0.18644, 2.57494e-15 
4.7242e-08, 0.185111, 2.23181e-15 
4.39706e-08, 0.183788, 1.93341e-15 
4.09152e-08, 0.182469, 1.67405e-15 
3.80622e-08, 0.181155, 1.44873e-15 
3.5399e-08, 0.179845, 1.25309e-15 
3.29135e-08, 0.178541, 1.0833e-15 
3.05943e-08, 0.177241, 9.36013e-16 
2.84311e-08, 0.175946, 8.08325e-16 
2.64136e-08, 0.174656, 6.9768e-16 
2.45327e-08, 0.17337, 6.01856e-16 
2.27796e-08, 0.17209, 5.1891e-16 
2.11459e-08, 0.170814, 4.47149e-16 
1.9624e-08, 0.169543, 3.851e-16 
1.82065e-08, 0.168276, 3.31476e-16 
1.68867e-08, 0.167015, 2.8516e-16 
1.56581e-08, 0.165758, 2.45176e-16 
1.45148e-08, 0.164506, 2.10679e-16 
1.34511e-08, 0.163258, 1.80931e-16 
1.24617e-08, 0.162016, 1.55294e-16 
1.15418e-08, 0.160778, 1.33213e-16 
1.06866e-08, 0.159545, 1.14204e-16 
9.89187e-09, 0.158317, 9.78491e-17 
9.15351e-09, 0.157094, 8.37868e-17 
8.46772e-09, 0.155875, 7.17023e-17 
7.83094e-09, 0.154661, 6.13237e-17 
7.23984e-09, 0.153452, 5.24153e-17 
6.6913e-09, 0.152248, 4.47735e-17 
6.18241e-09, 0.151048, 3.82221e-17 
5.71043e-09, 0.149853, 3.2609e-17 
5.27283e-09, 0.148663, 2.78027e-17 
4.86721e-09, 0.147478, 2.36898e-17 
4.49137e-09, 0.146298, 2.01724e-17 
4.14321e-09, 0.145122, 1.71662e-17 
3.82079e-09, 0.143951, 1.45985e-17 
3.52232e-09, 0.142785, 1.24067e-17 
3.24608e-09, 0.141624, 1.05371e-17 
2.99052e-09, 0.140467, 8.9432e-18 
2.75415e-09, 0.139315, 7.58534e-18 
2.53561e-09, 0.138168, 6.4293e-18 
2.33361e-09, 0.137026, 5.44573e-18 
2.14696e-09, 0.135888, 4.60945e-18 
1.97456e-09, 0.134756, 3.8989e-18 
1.81537e-09, 0.133628, 3.29557e-18 
1.66842e-09, 0.132505, 2.78364e-18 
1.53283e-09, 0.131386, 2.34956e-18 
1.40775e-09, 0.130272, 1.98175e-18 
1.2924e-09, 0.129164, 1.67031e-18 
1.18608e-09, 0.128059, 1.40679e-18 
1.0881e-09, 0.12696, 1.18397e-18 
9.97849e-10, 0.125865, 9.95703e-19 
9.1474e-10, 0.124776, 8.36749e-19 
8.38236e-10, 0.123691, 7.02639e-19 
7.67838e-10, 0.12261, 5.89575e-19 
7.03082e-10, 0.121535, 4.94325e-19 
6.43539e-10, 0.120464, 4.14142e-19 
5.88807e-10, 0.119398, 3.46694e-19 
5.38519e-10, 0.118337, 2.90003e-19 
4.92329e-10, 0.11728, 2.42388e-19 
4.49921e-10, 0.116229, 2.02429e-19 
4.11e-10, 0.115182, 1.68921e-19 
3.75292e-10, 0.11414, 1.40844e-19 
3.42545e-10, 0.113102, 1.17337e-19 
3.12525e-10, 0.11207, 9.76721e-20 
2.85017e-10, 0.111042, 8.12347e-20 
2.5982e-10, 0.110019, 6.75064e-20 
2.36749e-10, 0.109001, 5.60502e-20 
2.15634e-10, 0.107987, 4.64981e-20 
1.96317e-10, 0.106978, 3.85403e-20 
1.78651e-10, 0.105974, 3.19163e-20 
1.62503e-10, 0.104975, 2.64074e-20 
1.47749e-10, 0.103981, 2.18297e-20 
1.34273e-10, 0.102991, 1.80293e-20 
1.21971e-10, 0.102006, 1.4877e-20 
1.10745e-10, 0.101026, 1.22645e-20 
1.00506e-10, 0.10005, 1.01014e-20 
9.117e-11, 0.0990798, 8.31196e-21 
8.26623e-11, 0.0981139, 6.83305e-21 
7.49127e-11, 0.0971528, 5.61191e-21 
6.78567e-11, 0.0961965, 4.60454e-21 
6.14354e-11, 0.0952449, 3.77431e-21 
5.55944e-11, 0.0942981, 3.09073e-21 
5.02836e-11, 0.0933561, 2.52844e-21 
4.54573e-11, 0.0924188, 2.06637e-21 
4.10734e-11, 0.0914863, 1.68702e-21 
3.70932e-11, 0.0905585, 1.37591e-21 
3.34814e-11, 0.0896356, 1.121e-21 
3.02054e-11, 0.0887173, 9.12367e-22 
2.72356e-11, 0.0878039, 7.41777e-22 
2.45446e-11, 0.0868952, 6.02439e-22 
2.21076e-11, 0.0859912, 4.88747e-22 
1.99017e-11, 0.0850921, 3.96079e-22 
1.79061e-11, 0.0841977, 3.20627e-22 
1.61016e-11, 0.083308, 2.5926e-22 
1.44708e-11, 0.0824231, 2.09403e-22 
1.29977e-11, 0.081543, 1.68941e-22 
1.16679e-11, 0.0806676, 1.36141e-22 
1.04681e-11, 0.079797, 1.09581e-22 
9.38615e-12, 0.0789312, 8.80999e-23 
8.41103e-12, 0.0780701, 7.07454e-23 
7.53269e-12, 0.0772138, 5.67415e-23 
6.74199e-12, 0.0763623, 4.54544e-23 
6.03058e-12, 0.0755155, 3.63679e-23 
5.3909e-12, 0.0746734, 2.90618e-23 
4.81605e-12, 0.0738362, 2.31943e-23 
4.29977e-12, 0.0730036, 1.8488e-23 
3.83638e-12, 0.0721759, 1.47178e-23 
3.4207e-12, 0.0713529, 1.17012e-23 
3.04807e-12, 0.0705347, 9.29074e-24 
2.71423e-12, 0.0697212, 7.36705e-24 
2.41533e-12, 0.0689125, 5.83383e-24 
2.14789e-12, 0.0681085, 4.61344e-24 
1.90875e-12, 0.0673093, 3.64334e-24 
1.69506e-12, 0.0665148, 2.87323e-24 
1.50424e-12, 0.0657251, 2.26272e-24 
1.33394e-12, 0.0649402, 1.77941e-24 
1.18208e-12, 0.06416, 1.39731e-24 
1.04674e-12, 0.0633846, 1.09567e-24 
9.26215e-13, 0.062614, 8.57875e-25 
8.18956e-13, 0.0618481, 6.70689e-25 
7.23572e-13, 0.0610869, 5.23556e-25 
6.38808e-13, 0.0603305, 4.08076e-25 
5.63538e-13, 0.0595789, 3.17575e-25 
4.96747e-13, 0.058832, 2.46758e-25 
4.37526e-13, 0.0580899, 1.91429e-25 
3.85055e-13, 0.0573525, 1.48267e-25 
3.38601e-13, 0.0566199, 1.14651e-25 
2.97507e-13, 0.055892, 8.85103e-26 
2.61182e-13, 0.0551689, 6.82158e-26 
2.29098e-13, 0.0544505, 5.24859e-26 
2.00784e-13, 0.0537369, 4.0314e-26 
1.75816e-13, 0.0530281, 3.09113e-26 
1.53818e-13, 0.052324, 2.366e-26 
1.34452e-13, 0.0516246, 1.80775e-26 
1.17419e-13, 0.05093, 1.37872e-26 
1.0245e-13, 0.0502402, 1.0496e-26 
8.93063e-14, 0.0495551, 7.97561e-27 
7.77758e-14, 0.0488747, 6.04907e-27 
6.76695e-14, 0.0481991, 4.57917e-27 
5.88197e-14, 0.0475283, 3.45976e-27 
5.10772e-14, 0.0468622, 2.60888e-27 
4.43099e-14, 0.0462009, 1.96336e-27 
3.84005e-14, 0.0455443, 1.4746e-27 
3.32452e-14, 0.0448924, 1.10525e-27 
2.87523e-14, 0.0442453, 8.26695e-28 
2.48405e-14, 0.043603, 6.17049e-28 
2.1438e-14, 0.0429654, 4.59588e-28 
1.84816e-14, 0.0423325, 3.41569e-28 
1.59154e-14, 0.0417044, 2.533e-28 
1.36903e-14, 0.041081, 1.87424e-28 
1.1763e-14, 0.0404624, 1.38367e-28 
1.00954e-14, 0.0398485, 1.01917e-28 
8.65413e-15, 0.0392394, 7.48939e-29 
7.40987e-15, 0.038635, 5.49062e-29 
6.3369e-15, 0.0380354, 4.01563e-29 
5.41269e-15, 0.0374405, 2.92973e-29 
4.61756e-15, 0.0368503, 2.13219e-29 
3.93429e-15, 0.0362649, 1.54786e-29 
3.34784e-15, 0.0356842, 1.1208e-29 
2.84511e-15, 0.0351083, 8.09467e-30 
2.41469e-15, 0.0345371, 5.83074e-30 
2.04664e-15, 0.0339707, 4.18876e-30 
1.73233e-15, 0.033409, 3.00098e-30 
1.46426e-15, 0.032852, 2.14407e-30 
1.23594e-15, 0.0322998, 1.52754e-30 
1.04172e-15, 0.0317523, 1.08518e-30 
8.76748e-16, 0.0312095, 7.68686e-31 
7.36809e-16, 0.0306715, 5.42888e-31 
6.18275e-16, 0.0301383, 3.82264e-31 
5.18016e-16, 0.0296097, 2.68341e-31 
4.33339e-16, 0.0290859, 1.87783e-31 
3.6193e-16, 0.0285669, 1.30993e-31 
3.018e-16, 0.0280525, 9.10832e-32 
2.51247e-16, 0.0275429, 6.31249e-32 
2.08812e-16, 0.0270381, 4.36024e-32 
1.73249e-16, 0.0265379, 3.00152e-32 
1.43493e-16, 0.0260425, 2.05903e-32 
1.18639e-16, 0.0255519, 1.40751e-32 
9.79124e-17, 0.0250659, 9.58684e-33 
8.0659e-17, 0.0245847, 6.50588e-33 
6.63218e-17, 0.0241082, 4.39858e-33 
5.44291e-17, 0.0236365, 2.96253e-33 
4.45823e-17, 0.0231695, 1.98758e-33 
3.64446e-17, 0.0227072, 1.32821e-33 
2.97322e-17, 0.0222496, 8.84003e-34 
2.42061e-17, 0.0217968, 5.85935e-34 
1.96657e-17, 0.0213487, 3.86739e-34 
1.59427e-17, 0.0209053, 2.54168e-34 
1.28962e-17, 0.0204666, 1.66311e-34 
1.04085e-17, 0.0200327, 1.08338e-34 
8.3816e-18, 0.0196035, 7.02512e-35 
6.73365e-18, 0.019179, 4.5342e-35 
5.39683e-18, 0.0187592, 2.91258e-35 
4.31488e-18, 0.0183441, 1.86182e-35 
3.44127e-18, 0.0179338, 1.18423e-35 
2.73755e-18, 0.0175282, 7.4942e-36 
2.17208e-18, 0.0171273, 4.71795e-36 
1.71884e-18, 0.0167311, 2.9544e-36 
1.35647e-18, 0.0163396, 1.84001e-36 
1.06752e-18, 0.0159528, 1.1396e-36 
8.37725e-19, 0.0155708, 7.01784e-37 
6.5548e-19, 0.0151934, 4.29654e-37 
5.1135e-19, 0.0148208, 2.61479e-37 
3.97692e-19, 0.0144529, 1.58159e-37 
3.08326e-19, 0.0140897, 9.50651e-38 
2.38274e-19, 0.0137312, 5.67745e-38 
1.83531e-19, 0.0133774, 3.36836e-38 
1.40887e-19, 0.0130283, 1.98492e-38 
1.07777e-19, 0.0126839, 1.16159e-38 
8.21545e-20, 0.0123442, 6.74936e-39 
6.23946e-20, 0.0120092, 3.89309e-39 
4.72096e-20, 0.0116789, 2.22875e-39 
3.55825e-20, 0.0113533, 1.26611e-39 
2.67127e-20, 0.0110324, 7.13568e-40 
1.99722e-20, 0.0107162, 3.9889e-40 
1.487e-20, 0.0104047, 2.21118e-40 
1.10235e-20, 0.0100979, 1.21519e-40 
8.13578e-21, 0.0097958, 6.6191e-41 
5.97707e-21, 0.00949836, 3.57254e-41 
4.37047e-21, 0.00920562, 1.9101e-41 
3.18021e-21, 0.00891755, 1.01137e-41 
2.30253e-21, 0.00863417, 5.30165e-42 
1.65847e-21, 0.00835547, 2.75053e-42 
1.18821e-21, 0.00808145, 1.41183e-42 
8.46603e-22, 0.0078121, 7.16737e-43 
5.99782e-22, 0.00754743, 3.59738e-43 
4.22424e-22, 0.00728744, 1.78442e-43 
2.95705e-22, 0.00703211, 8.74412e-44 
2.05697e-22, 0.00678145, 4.23114e-44 
1.42156e-22, 0.00653546, 2.02082e-44 
9.75799e-23, 0.00629413, 9.52184e-45 
6.65137e-23, 0.00605747, 4.42407e-45 
4.50092e-23, 0.00582546, 2.02582e-45 
3.0228e-23, 0.0055981, 9.13733e-46 
2.01423e-23, 0.0053754, 4.05714e-46 
1.33127e-23, 0.00515735, 1.77228e-46 
8.7244e-24, 0.00494394, 7.61152e-47 
5.66717e-24, 0.00473518, 3.21168e-47 
3.64751e-24, 0.00453106, 1.33043e-47 
2.32517e-24, 0.00433157, 5.4064e-48 
1.46743e-24, 0.00413672, 2.15334e-48 
9.16451e-25, 0.00394649, 8.39882e-49 
5.66113e-25, 0.00376089, 3.20484e-49 
3.45713e-25, 0.00357991, 1.19517e-49 
2.08597e-25, 0.00340354, 4.35126e-50 
1.24286e-25, 0.00323178, 1.54471e-50 
7.30782e-26, 0.00306464, 5.34042e-51 
4.23745e-26, 0.00290209, 1.7956e-51 
2.42134e-26, 0.00274414, 5.86286e-52 
1.36236e-26, 0.00259077, 1.85604e-52 
7.5413e-27, 0.00244199, 5.68713e-53 
4.10308e-27, 0.00229779, 1.68352e-53 
2.19201e-27, 0.00215816, 4.80491e-54 
1.14859e-27, 0.0020231, 1.31926e-54 
5.89596e-28, 0.00189259, 3.47624e-55 
2.96099e-28, 0.00176662, 8.76748e-56 
1.45272e-28, 0.0016452, 2.11041e-56 
6.95184e-29, 0.0015283, 4.8328e-57 
3.23907e-29, 0.00141593, 1.04916e-57 
1.46656e-29, 0.00130807, 2.15079e-58 
6.43859e-30, 0.0012047, 4.14554e-59 
2.73429e-30, 0.00110582, 7.47633e-60 
1.12016e-30, 0.00101141, 1.25476e-60 
4.41342e-31, 0.000921462, 1.94783e-61 
1.66659e-31, 0.000835955, 2.77752e-62 
6.00812e-32, 0.000754873, 3.60975e-63 
2.05856e-32, 0.000678198, 4.23765e-64 
6.66915e-33, 0.000605908, 4.44775e-65 
2.03088e-33, 0.000537983, 4.12446e-66 
5.77303e-34, 0.000474395, 3.33278e-67 
1.51955e-34, 0.000415118, 2.30905e-68 
3.66834e-35, 0.00036012, 1.34567e-69 
8.0299e-36, 0.000309365, 6.44794e-71 
1.57209e-36, 0.000262813, 2.47145e-72 
2.70709e-37, 0.00022042, 7.32836e-74 
4.01637e-38, 0.000182131, 1.61312e-75 
5.00335e-39, 0.000147886, 2.50335e-77 
5.06456e-40, 0.000117613, 2.56497e-79 
3.99237e-41, 9.12269e-05, 1.5939e-81 
2.31705e-42, 6.86268e-05, 5.36872e-84 
1.15359e-43, 5.084e-05, 1.33077e-86 
5.74339e-45, 3.76632e-05, 3.29865e-89 
