1, 1, 1 
0.998475, 0.999847, 0.996953 
0.996953, 0.999695, 0.993915 
0.995431, 0.999542, 0.990882 
0.993908, 0.999389, 0.987854 
0.992386, 0.999236, 0.98483 
0.990864, 0.999083, 0.981811 
0.989342, 0.998929, 0.978798 
0.98782, 0.998775, 0.975788 
0.986298, 0.998621, 0.972784 
0.984776, 0.998467, 0.969784 
0.983255, 0.998313, 0.96679 
0.981733, 0.998158, 0.9638 
0.980211, 0.998003, 0.960814 
0.97869, 0.997848, 0.957834 
0.977168, 0.997693, 0.954858 
0.975647, 0.997538, 0.951887 
0.974126, 0.997382, 0.948921 
0.972605, 0.997226, 0.94596 
0.971084, 0.99707, 0.943003 
0.969562, 0.996914, 0.940051 
0.968042, 0.996757, 0.937104 
0.966521, 0.996601, 0.934162 
0.965, 0.996444, 0.931225 
0.963479, 0.996286, 0.928292 
0.961959, 0.996129, 0.925364 
0.960438, 0.995972, 0.922441 
0.958918, 0.995814, 0.919523 
0.957397, 0.995656, 0.916609 
0.955877, 0.995498, 0.913701 
0.954357, 0.995339, 0.910797 
0.952836, 0.99518, 0.907897 
0.951316, 0.995022, 0.905003 
0.949796, 0.994862, 0.902113 
0.948277, 0.994703, 0.899228 
0.946757, 0.994544, 0.896348 
0.945237, 0.994384, 0.893473 
0.943717, 0.994224, 0.890603 
0.942198, 0.994064, 0.887737 
0.940678, 0.993903, 0.884876 
0.939159, 0.993743, 0.88202 
0.93764, 0.993582, 0.879168 
0.93612, 0.993421, 0.876322 
0.934601, 0.993259, 0.87348 
0.933082, 0.993098, 0.870643 
0.931563, 0.992936, 0.86781 
0.930045, 0.992774, 0.864983 
0.928526, 0.992612, 0.86216 
0.927007, 0.992449, 0.859342 
0.925489, 0.992287, 0.856529 
0.92397, 0.992124, 0.853721 
0.922452, 0.99196, 0.850917 
0.920933, 0.991797, 0.848118 
0.919415, 0.991633, 0.845324 
0.917897, 0.99147, 0.842535 
0.916379, 0.991305, 0.83975 
0.914861, 0.991141, 0.836971 
0.913343, 0.990977, 0.834196 
0.911825, 0.990812, 0.831426 
0.910308, 0.990647, 0.82866 
0.90879, 0.990481, 0.8259 
0.907273, 0.990316, 0.823144 
0.905755, 0.99015, 0.820393 
0.904238, 0.989984, 0.817646 
0.902721, 0.989818, 0.814905 
0.901204, 0.989652, 0.812168 
0.899687, 0.989485, 0.809436 
0.89817, 0.989318, 0.806709 
0.896653, 0.989151, 0.803987 
0.895136, 0.988983, 0.801269 
0.89362, 0.988816, 0.798556 
0.892103, 0.988648, 0.795848 
0.890587, 0.988479, 0.793145 
0.88907, 0.988311, 0.790446 
0.887554, 0.988142, 0.787753 
0.886038, 0.987973, 0.785064 
0.884522, 0.987804, 0.78238 
0.883006, 0.987635, 0.7797 
0.88149, 0.987465, 0.777026 
0.879975, 0.987295, 0.774356 
0.878459, 0.987125, 0.771691 
0.876944, 0.986955, 0.76903 
0.875428, 0.986784, 0.766375 
0.873913, 0.986613, 0.763724 
0.872398, 0.986442, 0.761078 
0.870883, 0.98627, 0.758437 
0.869368, 0.986099, 0.7558 
0.867853, 0.985927, 0.753169 
0.866338, 0.985754, 0.750542 
0.864824, 0.985582, 0.74792 
0.863309, 0.985409, 0.745303 
0.861795, 0.985236, 0.74269 
0.86028, 0.985063, 0.740082 
0.858766, 0.984889, 0.737479 
0.857252, 0.984716, 0.734881 
0.855738, 0.984542, 0.732288 
0.854224, 0.984367, 0.729699 
0.85271, 0.984193, 0.727115 
0.851197, 0.984018, 0.724536 
0.849683, 0.983843, 0.721962 
0.84817, 0.983667, 0.719392 
0.846656, 0.983492, 0.716827 
0.845143, 0.983316, 0.714267 
0.84363, 0.98314, 0.711712 
0.842117, 0.982963, 0.709161 
0.840604, 0.982786, 0.706616 
0.839092, 0.982609, 0.704075 
0.837579, 0.982432, 0.701539 
0.836066, 0.982255, 0.699007 
0.834554, 0.982077, 0.696481 
0.833042, 0.981899, 0.693959 
0.83153, 0.98172, 0.691442 
0.830018, 0.981542, 0.68893 
0.828506, 0.981363, 0.686422 
0.826994, 0.981183, 0.683919 
0.825482, 0.981004, 0.681421 
0.823971, 0.980824, 0.678928 
0.822459, 0.980644, 0.67644 
0.820948, 0.980464, 0.673956 
0.819437, 0.980283, 0.671477 
0.817926, 0.980102, 0.669003 
0.816415, 0.979921, 0.666534 
0.814904, 0.97974, 0.664069 
0.813394, 0.979558, 0.661609 
0.811883, 0.979376, 0.659154 
0.810373, 0.979193, 0.656704 
0.808862, 0.979011, 0.654259 
0.807352, 0.978828, 0.651818 
0.805842, 0.978645, 0.649382 
0.804332, 0.978461, 0.646951 
0.802823, 0.978277, 0.644524 
0.801313, 0.978093, 0.642103 
0.799803, 0.977909, 0.639686 
0.798294, 0.977724, 0.637274 
0.796785, 0.977539, 0.634866 
0.795276, 0.977354, 0.632464 
0.793767, 0.977168, 0.630066 
0.792258, 0.976982, 0.627673 
0.790749, 0.976796, 0.625285 
0.789241, 0.97661, 0.622901 
0.787732, 0.976423, 0.620523 
0.786224, 0.976236, 0.618149 
0.784716, 0.976048, 0.61578 
0.783208, 0.97586, 0.613415 
0.7817, 0.975672, 0.611056 
0.780193, 0.975484, 0.608701 
0.778685, 0.975295, 0.606351 
0.777178, 0.975106, 0.604005 
0.77567, 0.974917, 0.601665 
0.774163, 0.974728, 0.599329 
0.772656, 0.974538, 0.596998 
0.771149, 0.974347, 0.594672 
0.769643, 0.974157, 0.59235 
0.768136, 0.973966, 0.590034 
0.76663, 0.973775, 0.587722 
0.765124, 0.973583, 0.585414 
0.763618, 0.973392, 0.583112 
0.762112, 0.973199, 0.580814 
0.760606, 0.973007, 0.578522 
0.7591, 0.972814, 0.576233 
0.757595, 0.972621, 0.57395 
0.756089, 0.972428, 0.571671 
0.754584, 0.972234, 0.569398 
0.753079, 0.97204, 0.567129 
0.751574, 0.971845, 0.564864 
0.75007, 0.971651, 0.562605 
0.748565, 0.971456, 0.56035 
0.747061, 0.97126, 0.5581 
0.745557, 0.971064, 0.555855 
0.744052, 0.970868, 0.553614 
0.742549, 0.970672, 0.551379 
0.741045, 0.970475, 0.549148 
0.739541, 0.970278, 0.546922 
0.738038, 0.970081, 0.5447 
0.736535, 0.969883, 0.542484 
0.735032, 0.969685, 0.540272 
0.733529, 0.969486, 0.538065 
0.732026, 0.969288, 0.535862 
0.730523, 0.969088, 0.533665 
0.729021, 0.968889, 0.531472 
0.727519, 0.968689, 0.529284 
0.726017, 0.968489, 0.5271 
0.724515, 0.968288, 0.524922 
0.723013, 0.968087, 0.522748 
0.721511, 0.967886, 0.520579 
0.72001, 0.967685, 0.518415 
0.718509, 0.967483, 0.516255 
0.717008, 0.96728, 0.514101 
0.715507, 0.967078, 0.511951 
0.714006, 0.966875, 0.509806 
0.712506, 0.966671, 0.507665 
0.711006, 0.966468, 0.505529 
0.709506, 0.966264, 0.503398 
0.708006, 0.966059, 0.501272 
0.706506, 0.965854, 0.499151 
0.705006, 0.965649, 0.497034 
0.703507, 0.965443, 0.494922 
0.702008, 0.965238, 0.492815 
0.700509, 0.965031, 0.490713 
0.69901, 0.964825, 0.488615 
0.697511, 0.964617, 0.486522 
0.696013, 0.96441, 0.484434 
0.694515, 0.964202, 0.482351 
0.693017, 0.963994, 0.480272 
0.691519, 0.963786, 0.478199 
0.690021, 0.963577, 0.47613 
0.688524, 0.963367, 0.474065 
0.687026, 0.963158, 0.472006 
0.685529, 0.962947, 0.469951 
0.684033, 0.962737, 0.467901 
0.682536, 0.962526, 0.465856 
0.681039, 0.962315, 0.463815 
0.679543, 0.962103, 0.461779 
0.678047, 0.961891, 0.459748 
0.676551, 0.961679, 0.457722 
0.675056, 0.961466, 0.455701 
0.67356, 0.961253, 0.453684 
0.672065, 0.961039, 0.451672 
0.67057, 0.960825, 0.449665 
0.669075, 0.960611, 0.447662 
0.667581, 0.960396, 0.445664 
0.666086, 0.960181, 0.443671 
0.664592, 0.959965, 0.441683 
0.663098, 0.959749, 0.4397 
0.661605, 0.959533, 0.437721 
0.660111, 0.959316, 0.435747 
0.658618, 0.959099, 0.433778 
0.657125, 0.958881, 0.431813 
0.655632, 0.958663, 0.429854 
0.654139, 0.958445, 0.427899 
0.652647, 0.958226, 0.425948 
0.651155, 0.958006, 0.424003 
0.649663, 0.957787, 0.422062 
0.648171, 0.957567, 0.420126 
0.64668, 0.957346, 0.418195 
0.645189, 0.957125, 0.416269 
0.643698, 0.956904, 0.414347 
0.642207, 0.956682, 0.41243 
0.640716, 0.956459, 0.410518 
0.639226, 0.956237, 0.40861 
0.637736, 0.956014, 0.406708 
0.636246, 0.95579, 0.40481 
0.634757, 0.955566, 0.402916 
0.633267, 0.955342, 0.401028 
0.631778, 0.955117, 0.399144 
0.630289, 0.954891, 0.397265 
0.628801, 0.954666, 0.395391 
0.627313, 0.954439, 0.393521 
0.625824, 0.954213, 0.391657 
0.624337, 0.953986, 0.389797 
0.622849, 0.953758, 0.387941 
0.621362, 0.95353, 0.386091 
0.619875, 0.953302, 0.384245 
0.618388, 0.953073, 0.382404 
0.616901, 0.952843, 0.380568 
0.615415, 0.952614, 0.378736 
0.613929, 0.952383, 0.376909 
0.612443, 0.952153, 0.375087 
0.610958, 0.951921, 0.37327 
0.609473, 0.95169, 0.371457 
0.607988, 0.951458, 0.36965 
0.606503, 0.951225, 0.367846 
0.605019, 0.950992, 0.366048 
0.603535, 0.950758, 0.364255 
0.602051, 0.950524, 0.362466 
0.600567, 0.95029, 0.360681 
0.599084, 0.950055, 0.358902 
0.597601, 0.94982, 0.357127 
0.596118, 0.949584, 0.355357 
0.594636, 0.949347, 0.353592 
0.593154, 0.94911, 0.351832 
0.591672, 0.948873, 0.350076 
0.59019, 0.948635, 0.348325 
0.588709, 0.948397, 0.346579 
0.587228, 0.948158, 0.344837 
0.585747, 0.947919, 0.343101 
0.584267, 0.947679, 0.341368 
0.582787, 0.947438, 0.339641 
0.581307, 0.947198, 0.337919 
0.579828, 0.946956, 0.336201 
0.578349, 0.946714, 0.334488 
0.57687, 0.946472, 0.332779 
0.575391, 0.946229, 0.331076 
0.573913, 0.945986, 0.329377 
0.572435, 0.945742, 0.327682 
0.570958, 0.945497, 0.325993 
0.56948, 0.945253, 0.324308 
0.568003, 0.945007, 0.322628 
0.566527, 0.944761, 0.320953 
0.56505, 0.944515, 0.319282 
0.563574, 0.944268, 0.317617 
0.562099, 0.94402, 0.315955 
0.560623, 0.943772, 0.314299 
0.559148, 0.943523, 0.312647 
0.557674, 0.943274, 0.311 
0.556199, 0.943025, 0.309358 
0.554725, 0.942774, 0.307721 
0.553252, 0.942524, 0.306088 
0.551778, 0.942272, 0.30446 
0.550306, 0.942021, 0.302837 
0.548833, 0.941768, 0.301218 
0.547361, 0.941515, 0.299604 
0.545889, 0.941262, 0.297995 
0.544417, 0.941008, 0.296391 
0.542946, 0.940753, 0.294791 
0.541475, 0.940498, 0.293196 
0.540005, 0.940242, 0.291606 
0.538535, 0.939986, 0.29002 
0.537065, 0.939729, 0.288439 
0.535596, 0.939472, 0.286863 
0.534127, 0.939214, 0.285292 
0.532658, 0.938955, 0.283725 
0.53119, 0.938696, 0.282163 
0.529722, 0.938436, 0.280606 
0.528254, 0.938176, 0.279053 
0.526787, 0.937915, 0.277505 
0.525321, 0.937654, 0.275962 
0.523854, 0.937392, 0.274424 
0.522388, 0.937129, 0.27289 
0.520923, 0.936866, 0.271361 
0.519458, 0.936602, 0.269837 
0.517993, 0.936337, 0.268317 
0.516529, 0.936072, 0.266802 
0.515065, 0.935807, 0.265292 
0.513601, 0.93554, 0.263787 
0.512138, 0.935274, 0.262286 
0.510675, 0.935006, 0.26079 
0.509213, 0.934738, 0.259299 
0.507751, 0.934469, 0.257812 
0.50629, 0.9342, 0.25633 
0.504829, 0.93393, 0.254853 
0.503368, 0.93366, 0.25338 
0.501908, 0.933388, 0.251912 
0.500448, 0.933117, 0.250449 
0.498989, 0.932844, 0.248991 
0.49753, 0.932571, 0.247537 
0.496072, 0.932297, 0.246088 
0.494614, 0.932023, 0.244644 
0.493157, 0.931748, 0.243204 
0.4917, 0.931472, 0.241769 
0.490243, 0.931196, 0.240339 
0.488787, 0.930919, 0.238913 
0.487331, 0.930641, 0.237492 
0.485876, 0.930363, 0.236076 
0.484421, 0.930084, 0.234664 
0.482967, 0.929805, 0.233258 
0.481513, 0.929524, 0.231855 
0.48006, 0.929243, 0.230458 
0.478607, 0.928962, 0.229065 
0.477155, 0.92868, 0.227677 
0.475703, 0.928397, 0.226294 
0.474252, 0.928113, 0.224915 
0.472801, 0.927829, 0.223541 
0.47135, 0.927544, 0.222172 
0.4699, 0.927258, 0.220807 
0.468451, 0.926972, 0.219447 
0.467002, 0.926684, 0.218092 
0.465554, 0.926397, 0.216741 
0.464106, 0.926108, 0.215395 
0.462659, 0.925819, 0.214054 
0.461212, 0.925529, 0.212717 
0.459766, 0.925238, 0.211385 
0.45832, 0.924947, 0.210058 
0.456875, 0.924655, 0.208735 
0.45543, 0.924362, 0.207417 
0.453986, 0.924069, 0.206104 
0.452543, 0.923774, 0.204795 
0.4511, 0.923479, 0.203492 
0.449657, 0.923184, 0.202192 
0.448215, 0.922887, 0.200898 
0.446774, 0.92259, 0.199608 
0.445333, 0.922292, 0.198322 
0.443893, 0.921993, 0.197042 
0.442454, 0.921694, 0.195766 
0.441015, 0.921394, 0.194494 
0.439576, 0.921093, 0.193228 
0.438138, 0.920791, 0.191966 
0.436701, 0.920489, 0.190708 
0.435265, 0.920185, 0.189456 
0.433828, 0.919881, 0.188208 
0.432393, 0.919576, 0.186964 
0.430958, 0.919271, 0.185726 
0.429524, 0.918964, 0.184491 
0.42809, 0.918657, 0.183262 
0.426657, 0.918349, 0.182037 
0.425225, 0.918041, 0.180817 
0.423793, 0.917731, 0.179601 
0.422362, 0.917421, 0.178391 
0.420932, 0.917109, 0.177184 
0.419502, 0.916797, 0.175983 
0.418073, 0.916485, 0.174786 
0.416645, 0.916171, 0.173593 
0.415217, 0.915857, 0.172406 
0.41379, 0.915541, 0.171222 
0.412363, 0.915225, 0.170044 
0.410937, 0.914908, 0.16887 
0.409512, 0.91459, 0.167701 
0.408088, 0.914272, 0.166536 
0.406664, 0.913952, 0.165376 
0.405241, 0.913632, 0.164221 
0.403819, 0.913311, 0.16307 
0.402397, 0.912989, 0.161924 
0.400976, 0.912666, 0.160783 
0.399556, 0.912342, 0.159646 
0.398137, 0.912018, 0.158513 
0.396718, 0.911692, 0.157386 
0.3953, 0.911366, 0.156263 
0.393883, 0.911038, 0.155144 
0.392466, 0.91071, 0.15403 
0.39105, 0.910381, 0.152921 
0.389635, 0.910051, 0.151816 
0.388221, 0.90972, 0.150716 
0.386808, 0.909389, 0.149621 
0.385395, 0.909056, 0.14853 
0.383983, 0.908722, 0.147444 
0.382572, 0.908388, 0.146362 
0.381162, 0.908052, 0.145285 
0.379752, 0.907716, 0.144212 
0.378344, 0.907379, 0.143144 
0.376936, 0.907041, 0.142081 
0.375529, 0.906701, 0.141022 
0.374122, 0.906361, 0.139968 
0.372717, 0.90602, 0.138918 
0.371312, 0.905678, 0.137873 
0.369909, 0.905335, 0.136833 
0.368506, 0.904991, 0.135797 
0.367104, 0.904646, 0.134766 
0.365702, 0.9043, 0.133739 
0.364302, 0.903954, 0.132717 
0.362903, 0.903606, 0.131699 
0.361504, 0.903257, 0.130686 
0.360107, 0.902907, 0.129677 
0.35871, 0.902556, 0.128673 
0.357314, 0.902204, 0.127674 
0.355919, 0.901852, 0.126679 
0.354525, 0.901498, 0.125689 
0.353132, 0.901143, 0.124703 
0.35174, 0.900787, 0.123721 
0.350349, 0.90043, 0.122745 
0.348958, 0.900072, 0.121772 
0.347569, 0.899713, 0.120805 
0.346181, 0.899353, 0.119842 
0.344793, 0.898992, 0.118883 
0.343407, 0.89863, 0.117929 
0.342021, 0.898267, 0.116979 
0.340637, 0.897902, 0.116034 
0.339254, 0.897537, 0.115094 
0.337871, 0.897171, 0.114157 
0.33649, 0.896803, 0.113226 
0.335109, 0.896435, 0.112299 
0.33373, 0.896065, 0.111376 
0.332352, 0.895694, 0.110458 
0.330974, 0.895322, 0.109545 
0.329598, 0.894949, 0.108636 
0.328223, 0.894575, 0.107731 
0.326849, 0.8942, 0.106831 
0.325476, 0.893824, 0.105935 
0.324104, 0.893446, 0.105044 
0.322733, 0.893068, 0.104157 
0.321364, 0.892688, 0.103275 
0.319995, 0.892307, 0.102397 
0.318628, 0.891925, 0.101524 
0.317261, 0.891542, 0.100655 
0.315896, 0.891157, 0.099791 
0.314532, 0.890772, 0.0989311 
0.313169, 0.890385, 0.0980756 
0.311808, 0.889997, 0.0972246 
0.310447, 0.889608, 0.096378 
0.309088, 0.889218, 0.0955359 
0.30773, 0.888826, 0.0946982 
0.306373, 0.888434, 0.0938649 
0.305017, 0.88804, 0.093036 
0.303663, 0.887645, 0.0922116 
0.302309, 0.887248, 0.0913916 
0.300957, 0.886851, 0.090576 
0.299607, 0.886452, 0.0897648 
0.298257, 0.886052, 0.088958 
0.296909, 0.88565, 0.0881556 
0.295562, 0.885248, 0.0873576 
0.294217, 0.884844, 0.086564 
0.292872, 0.884439, 0.0857748 
0.291529, 0.884032, 0.08499 
0.290188, 0.883625, 0.0842095 
0.288847, 0.883216, 0.0834334 
0.287508, 0.882805, 0.0826617 
0.286171, 0.882394, 0.0818944 
0.284835, 0.881981, 0.0811314 
0.2835, 0.881567, 0.0803727 
0.282166, 0.881151, 0.0796184 
0.280834, 0.880734, 0.0788685 
0.279504, 0.880316, 0.0781229 
0.278174, 0.879897, 0.0773816 
0.276847, 0.879476, 0.0766446 
0.27552, 0.879053, 0.075912 
0.274195, 0.87863, 0.0751837 
0.272872, 0.878205, 0.0744597 
0.27155, 0.877778, 0.07374 
0.27023, 0.877351, 0.0730246 
0.268911, 0.876922, 0.0723136 
0.267593, 0.876491, 0.0716068 
0.266277, 0.876059, 0.0709042 
0.264963, 0.875626, 0.070206 
0.26365, 0.875191, 0.069512 
0.262339, 0.874755, 0.0688224 
0.261029, 0.874317, 0.0681369 
0.259721, 0.873878, 0.0674557 
0.258415, 0.873437, 0.0667788 
0.25711, 0.872995, 0.0661061 
0.255807, 0.872552, 0.0654377 
0.254505, 0.872107, 0.0647735 
0.253205, 0.87166, 0.0641135 
0.251907, 0.871212, 0.0634577 
0.25061, 0.870763, 0.0628061 
0.249315, 0.870312, 0.0621588 
0.248022, 0.869859, 0.0615156 
0.246731, 0.869405, 0.0608767 
0.245441, 0.86895, 0.0602419 
0.244153, 0.868493, 0.0596113 
0.242867, 0.868034, 0.0589848 
0.241582, 0.867574, 0.0583626 
0.2403, 0.867112, 0.0577445 
0.239019, 0.866649, 0.0571305 
0.23774, 0.866184, 0.0565207 
0.236462, 0.865717, 0.055915 
0.235187, 0.865249, 0.0553134 
0.233913, 0.86478, 0.054716 
0.232642, 0.864308, 0.0541227 
0.231372, 0.863835, 0.0535334 
0.230104, 0.863361, 0.0529483 
0.228838, 0.862885, 0.0523673 
0.227574, 0.862407, 0.0517903 
0.226311, 0.861927, 0.0512174 
0.225051, 0.861446, 0.0506486 
0.223793, 0.860963, 0.0500838 
0.222537, 0.860479, 0.0495231 
0.221282, 0.859992, 0.0489664 
0.22003, 0.859504, 0.0484138 
0.21878, 0.859015, 0.0478652 
0.217532, 0.858523, 0.0473206 
0.216285, 0.85803, 0.04678 
0.215041, 0.857536, 0.0462433 
0.213799, 0.857039, 0.0457107 
0.212559, 0.856541, 0.0451821 
0.211322, 0.856041, 0.0446574 
0.210086, 0.855539, 0.0441367 
0.208853, 0.855035, 0.0436199 
0.207621, 0.85453, 0.0431071 
0.206392, 0.854022, 0.0425982 
0.205165, 0.853513, 0.0420932 
0.20394, 0.853002, 0.0415922 
0.202718, 0.85249, 0.041095 
0.201497, 0.851975, 0.0406018 
0.200279, 0.851459, 0.0401124 
0.199064, 0.85094, 0.0396269 
0.19785, 0.85042, 0.0391452 
0.196639, 0.849898, 0.0386674 
0.19543, 0.849374, 0.0381935 
0.194224, 0.848848, 0.0377234 
0.193019, 0.848321, 0.0372571 
0.191818, 0.847791, 0.0367946 
0.190618, 0.847259, 0.0363359 
0.189421, 0.846726, 0.035881 
0.188227, 0.84619, 0.0354298 
0.187035, 0.845653, 0.0349825 
0.185845, 0.845113, 0.0345389 
0.184658, 0.844572, 0.034099 
0.183473, 0.844028, 0.0336629 
0.182291, 0.843483, 0.0332305 
0.181111, 0.842936, 0.0328018 
0.179934, 0.842386, 0.0323767 
0.178759, 0.841835, 0.0319554 
0.177587, 0.841281, 0.0315378 
0.176418, 0.840725, 0.0311238 
0.175251, 0.840168, 0.0307134 
0.174087, 0.839608, 0.0303067 
0.172925, 0.839046, 0.0299036 
0.171766, 0.838482, 0.0295042 
0.17061, 0.837916, 0.0291083 
0.169456, 0.837347, 0.028716 
0.168306, 0.836777, 0.0283273 
0.167157, 0.836204, 0.0279421 
0.166012, 0.83563, 0.0275605 
0.164869, 0.835053, 0.0271825 
0.16373, 0.834474, 0.0268079 
0.162593, 0.833892, 0.0264369 
0.161458, 0.833309, 0.0260693 
0.160327, 0.832723, 0.0257052 
0.159198, 0.832135, 0.0253446 
0.158073, 0.831545, 0.0249875 
0.15695, 0.830952, 0.0246338 
0.15583, 0.830357, 0.0242835 
0.154713, 0.82976, 0.0239366 
0.153599, 0.829161, 0.0235932 
0.152488, 0.828559, 0.0232531 
0.15138, 0.827955, 0.0229163 
0.150275, 0.827348, 0.022583 
0.149173, 0.82674, 0.0222529 
0.148073, 0.826128, 0.0219262 
0.146977, 0.825515, 0.0216028 
0.145884, 0.824899, 0.0212827 
0.144794, 0.82428, 0.0209659 
0.143708, 0.82366, 0.0206523 
0.142624, 0.823036, 0.020342 
0.141543, 0.822411, 0.020035 
0.140466, 0.821782, 0.0197311 
0.139391, 0.821152, 0.0194304 
0.13832, 0.820519, 0.019133 
0.137252, 0.819883, 0.0188387 
0.136188, 0.819245, 0.0185476 
0.135126, 0.818604, 0.0182596 
0.134068, 0.81796, 0.0179747 
0.133013, 0.817315, 0.0176929 
0.131961, 0.816666, 0.0174143 
0.130913, 0.816015, 0.0171387 
0.129868, 0.815361, 0.0168661 
0.128826, 0.814705, 0.0165966 
0.127788, 0.814046, 0.0163302 
0.126753, 0.813384, 0.0160667 
0.125721, 0.812719, 0.0158063 
0.124693, 0.812052, 0.0155488 
0.123668, 0.811382, 0.0152943 
0.122647, 0.81071, 0.0150427 
0.121629, 0.810034, 0.014794 
0.120614, 0.809356, 0.0145483 
0.119603, 0.808675, 0.0143054 
0.118596, 0.807992, 0.0140655 
0.117592, 0.807305, 0.0138283 
0.116592, 0.806615, 0.0135941 
0.115595, 0.805923, 0.0133626 
0.114602, 0.805228, 0.013134 
0.113612, 0.80453, 0.0129081 
0.112626, 0.803829, 0.012685 
0.111643, 0.803125, 0.0124647 
0.110664, 0.802418, 0.0122471 
0.109689, 0.801708, 0.0120322 
0.108718, 0.800995, 0.01182 
0.10775, 0.800279, 0.0116105 
0.106786, 0.79956, 0.0114036 
0.105825, 0.798838, 0.0111994 
0.104869, 0.798113, 0.0109978 
0.103916, 0.797385, 0.0107989 
0.102966, 0.796653, 0.0106025 
0.102021, 0.795919, 0.0104087 
0.101079, 0.795181, 0.0102174 
0.100141, 0.79444, 0.0100287 
0.0992074, 0.793696, 0.00984251 
0.0982772, 0.792949, 0.0096588 
0.0973508, 0.792198, 0.00947758 
0.0964283, 0.791444, 0.00929881 
0.0955097, 0.790687, 0.00912249 
0.094595, 0.789926, 0.0089486 
0.0936842, 0.789162, 0.0087771 
0.0927773, 0.788395, 0.008608 
0.0918743, 0.787624, 0.00844126 
0.0909753, 0.78685, 0.00827687 
0.0900802, 0.786072, 0.00811481 
0.0891891, 0.785291, 0.00795506 
0.088302, 0.784507, 0.00779761 
0.0874189, 0.783719, 0.00764243 
0.0865398, 0.782927, 0.0074895 
0.0856647, 0.782132, 0.00733881 
0.0847937, 0.781333, 0.00719033 
0.0839267, 0.78053, 0.00704405 
0.0830638, 0.779724, 0.00689995 
0.082205, 0.778914, 0.00675802 
0.0813503, 0.7781, 0.00661822 
0.0804997, 0.777283, 0.00648054 
0.0796532, 0.776461, 0.00634497 
0.0788108, 0.775636, 0.00621148 
0.0779726, 0.774807, 0.00608006 
0.0771385, 0.773975, 0.00595068 
0.0763086, 0.773138, 0.00582333 
0.0754829, 0.772297, 0.00569799 
0.0746613, 0.771452, 0.00557464 
0.073844, 0.770604, 0.00545326 
0.0730308, 0.769751, 0.00533383 
0.0722219, 0.768894, 0.00521633 
0.0714173, 0.768033, 0.00510074 
0.0706168, 0.767168, 0.00498705 
0.0698207, 0.766298, 0.00487524 
0.0690288, 0.765425, 0.00476528 
0.0682412, 0.764547, 0.00465716 
0.0674578, 0.763665, 0.00455086 
0.0666788, 0.762778, 0.00444637 
0.0659041, 0.761887, 0.00434365 
0.0651337, 0.760992, 0.00424269 
0.0643676, 0.760092, 0.00414348 
0.0636059, 0.759188, 0.004046 
0.0628485, 0.758279, 0.00395022 
0.0620955, 0.757365, 0.00385614 
0.0613468, 0.756447, 0.00376372 
0.0606026, 0.755525, 0.00367295 
0.0598627, 0.754597, 0.00358382 
0.0591272, 0.753665, 0.0034963 
0.0583961, 0.752728, 0.00341038 
0.0576694, 0.751786, 0.00332604 
0.0569472, 0.750839, 0.00324325 
0.0562294, 0.749887, 0.00316201 
0.055516, 0.74893, 0.00308229 
0.0548071, 0.747968, 0.00300408 
0.0541027, 0.747001, 0.00292736 
0.0534027, 0.746029, 0.0028521 
0.0527071, 0.745052, 0.0027783 
0.0520161, 0.744069, 0.00270593 
0.0513296, 0.743081, 0.00263497 
0.0506475, 0.742088, 0.00256542 
0.04997, 0.741089, 0.00249724 
0.049297, 0.740084, 0.00243043 
0.0486284, 0.739075, 0.00236496 
0.0479645, 0.738059, 0.00230082 
0.047305, 0.737038, 0.002238 
0.0466501, 0.736011, 0.00217646 
0.0459998, 0.734979, 0.00211621 
0.045354, 0.73394, 0.00205721 
0.0447128, 0.732896, 0.00199945 
0.0440761, 0.731846, 0.00194292 
0.043444, 0.730789, 0.0018876 
0.0428165, 0.729727, 0.00183347 
0.0421936, 0.728658, 0.00178051 
0.0415753, 0.727583, 0.00172872 
0.0409616, 0.726502, 0.00167806 
0.0403525, 0.725414, 0.00162853 
0.0397481, 0.72432, 0.00158011 
0.0391482, 0.72322, 0.00153278 
0.038553, 0.722112, 0.00148653 
0.0379624, 0.720999, 0.00144133 
0.0373764, 0.719878, 0.00139719 
0.0367951, 0.71875, 0.00135407 
0.0362184, 0.717616, 0.00131196 
0.0356464, 0.716474, 0.00127085 
0.0350791, 0.715326, 0.00123072 
0.0345164, 0.71417, 0.00119156 
0.0339584, 0.713007, 0.00115335 
0.0334051, 0.711836, 0.00111607 
0.0328565, 0.710659, 0.00107972 
0.0323125, 0.709473, 0.00104427 
0.0317733, 0.70828, 0.00100971 
0.0312387, 0.707079, 0.000976021 
0.0307089, 0.705871, 0.000943195 
0.0301837, 0.704654, 0.000911216 
0.0296633, 0.70343, 0.000880068 
0.0291476, 0.702197, 0.000849736 
0.0286366, 0.700956, 0.000820207 
0.0281304, 0.699707, 0.000791467 
0.0276289, 0.698449, 0.000763501 
0.0271321, 0.697183, 0.000736295 
0.0266401, 0.695908, 0.000709835 
0.0261528, 0.694625, 0.000684108 
0.0256703, 0.693333, 0.0006591 
0.0251925, 0.692031, 0.000634797 
0.0247195, 0.690721, 0.000611186 
0.0242513, 0.689401, 0.000588255 
0.0237878, 0.688072, 0.000565988 
0.0233292, 0.686734, 0.000544375 
0.0228753, 0.685386, 0.000523401 
0.0224262, 0.684028, 0.000503053 
0.0219819, 0.68266, 0.00048332 
0.0215423, 0.681283, 0.000464188 
0.0211076, 0.679895, 0.000445646 
0.0206777, 0.678498, 0.00042768 
0.0202526, 0.67709, 0.000410279 
0.0198324, 0.675671, 0.00039343 
0.0194169, 0.674242, 0.000377122 
0.0190063, 0.672803, 0.000361343 
0.0186005, 0.671352, 0.00034608 
0.0181996, 0.669891, 0.000331323 
0.0178035, 0.668418, 0.00031706 
0.0174122, 0.666934, 0.000303279 
0.0170258, 0.665439, 0.00028997 
0.0166442, 0.663933, 0.000277121 
0.0162675, 0.662414, 0.000264721 
0.0158957, 0.660884, 0.00025276 
0.0155287, 0.659343, 0.000241226 
0.0151667, 0.657789, 0.00023011 
0.0148095, 0.656223, 0.000219401 
0.0144571, 0.654645, 0.000209088 
0.0141097, 0.653054, 0.000199161 
0.0137672, 0.651451, 0.00018961 
0.0134295, 0.649835, 0.000180426 
0.0130968, 0.648207, 0.000171597 
0.012769, 0.646566, 0.000163116 
0.012446, 0.644911, 0.000154972 
0.012128, 0.643244, 0.000147155 
0.0118149, 0.641564, 0.000139657 
0.0115068, 0.63987, 0.000132468 
0.0112035, 0.638163, 0.000125579 
0.0109052, 0.636443, 0.000118982 
0.0106118, 0.63471, 0.000112667 
0.0103233, 0.632963, 0.000106626 
0.0100397, 0.631202, 0.00010085 
0.00976108, 0.629428, 9.53314e-05 
0.00948738, 0.62764, 9.00614e-05 
0.00921859, 0.625839, 8.5032e-05 
0.00895473, 0.624024, 8.02353e-05 
0.00869579, 0.622195, 7.56633e-05 
0.00844176, 0.620353, 7.13084e-05 
0.00819264, 0.618497, 6.7163e-05 
0.00794842, 0.616628, 6.32195e-05 
0.00770909, 0.614746, 5.94709e-05 
0.00747464, 0.61285, 5.59097e-05 
0.00724507, 0.610941, 5.25291e-05 
0.00702035, 0.609019, 4.93222e-05 
0.00680049, 0.607084, 4.62821e-05 
0.00658544, 0.605136, 4.34023e-05 
0.00637521, 0.603176, 4.06763e-05 
0.00616977, 0.601203, 3.80978e-05 
0.00596909, 0.599218, 3.56606e-05 
0.00577316, 0.597221, 3.33587e-05 
0.00558193, 0.595213, 3.11863e-05 
0.00539539, 0.593193, 2.91374e-05 
0.0052135, 0.591162, 2.72067e-05 
0.00503623, 0.58912, 2.53886e-05 
0.00486353, 0.587067, 2.36779e-05 
0.00469537, 0.585005, 2.20695e-05 
0.0045317, 0.582933, 2.05583e-05 
0.00437247, 0.580851, 1.91396e-05 
0.00421764, 0.578761, 1.78087e-05 
0.00406716, 0.576661, 1.65611e-05 
0.00392097, 0.574554, 1.53924e-05 
0.003779, 0.572439, 1.42984e-05 
0.00364121, 0.570316, 1.32752e-05 
0.00350753, 0.568187, 1.23187e-05 
0.00337789, 0.566051, 1.14254e-05 
0.00325223, 0.563908, 1.05915e-05 
0.00313048, 0.56176, 9.81367e-06 
0.00301256, 0.559607, 9.08861e-06 
0.0028984, 0.557449, 8.41319e-06 
0.00278793, 0.555287, 7.7844e-06 
0.00268108, 0.553121, 7.19939e-06 
0.00257775, 0.550951, 6.65545e-06 
0.00247788, 0.548778, 6.14999e-06 
0.00238139, 0.546602, 5.68057e-06 
0.00228819, 0.544424, 5.24486e-06 
0.00219821, 0.542244, 4.84067e-06 
0.00211136, 0.540062, 4.46591e-06 
0.00202756, 0.537879, 4.11863e-06 
0.00194673, 0.535695, 3.79697e-06 
0.00186879, 0.53351, 3.49918e-06 
0.00179366, 0.531325, 3.22363e-06 
0.00172126, 0.52914, 2.96878e-06 
0.00165151, 0.526955, 2.73317e-06 
0.00158433, 0.524771, 2.51546e-06 
0.00151964, 0.522587, 2.31435e-06 
0.00145737, 0.520405, 2.12867e-06 
0.00139744, 0.518224, 1.95729e-06 
0.00133978, 0.516044, 1.79919e-06 
0.00128431, 0.513867, 1.65337e-06 
0.00123096, 0.511691, 1.51895e-06 
0.00117967, 0.509517, 1.39506e-06 
0.00113035, 0.507345, 1.28093e-06 
0.00108296, 0.505176, 1.17583e-06 
0.00103741, 0.50301, 1.07906e-06 
0.00099365, 0.500846, 9.89997e-07 
0.000951614, 0.498686, 9.08055e-07 
0.000911242, 0.496528, 8.32686e-07 
0.000872473, 0.494374, 7.63382e-07 
0.000835251, 0.492223, 6.99675e-07 
0.00079952, 0.490075, 6.41128e-07 
0.000765226, 0.48793, 5.87339e-07 
0.000732315, 0.48579, 5.37935e-07 
0.000700736, 0.483653, 4.9257e-07 
0.000670441, 0.481519, 4.50926e-07 
0.000641381, 0.47939, 4.12707e-07 
0.00061351, 0.477265, 3.7764e-07 
0.000586782, 0.475143, 3.45473e-07 
0.000561155, 0.473025, 3.15974e-07 
0.000536586, 0.470912, 2.88929e-07 
0.000513035, 0.468803, 2.64139e-07 
0.000490462, 0.466698, 2.41421e-07 
0.00046883, 0.464597, 2.20608e-07 
0.000448102, 0.4625, 2.01545e-07 
0.000428242, 0.460408, 1.84087e-07 
0.000409217, 0.45832, 1.68105e-07 
0.000390994, 0.456236, 1.53475e-07 
0.00037354, 0.454157, 1.40088e-07 
0.000356826, 0.452082, 1.2784e-07 
0.000340822, 0.450012, 1.16637e-07 
0.000325499, 0.447946, 1.06392e-07 
0.000310831, 0.445885, 9.70259e-08 
0.000296791, 0.443828, 8.84643e-08 
0.000283353, 0.441776, 8.06403e-08 
0.000270493, 0.439729, 7.34918e-08 
0.000258189, 0.437686, 6.69621e-08 
0.000246416, 0.435647, 6.09989e-08 
0.000235154, 0.433614, 5.55543e-08 
0.000224381, 0.431585, 5.05843e-08 
0.000214078, 0.42956, 4.60486e-08 
0.000204224, 0.42754, 4.19101e-08 
0.000194802, 0.425525, 3.81349e-08 
0.000185794, 0.423515, 3.46919e-08 
0.000177182, 0.421509, 3.15526e-08 
0.00016895, 0.419508, 2.86908e-08 
0.000161081, 0.417511, 2.60825e-08 
0.000153562, 0.41552, 2.3706e-08 
0.000146376, 0.413533, 2.1541e-08 
0.000139511, 0.411551, 1.95692e-08 
0.000132952, 0.409573, 1.77737e-08 
0.000126687, 0.4076, 1.61392e-08 
0.000120702, 0.405632, 1.46516e-08 
0.000114987, 0.403669, 1.3298e-08 
0.00010953, 0.40171, 1.20666e-08 
0.000104319, 0.399756, 1.09466e-08 
9.93439e-05, 0.397807, 9.9282e-09 
9.4595e-05, 0.395863, 9.00239e-09 
9.00621e-05, 0.393923, 8.16095e-09 
8.57362e-05, 0.391989, 7.39638e-09 
8.1608e-05, 0.390059, 6.70181e-09 
7.76692e-05, 0.388133, 6.07098e-09 
7.39114e-05, 0.386213, 5.49819e-09 
7.03268e-05, 0.384297, 4.97822e-09 
6.69077e-05, 0.382386, 4.5063e-09 
6.36469e-05, 0.38048, 4.07811e-09 
6.05375e-05, 0.378578, 3.68969e-09 
5.75727e-05, 0.376681, 3.33743e-09 
5.47463e-05, 0.374789, 3.01804e-09 
5.20519e-05, 0.372902, 2.72852e-09 
4.94839e-05, 0.37102, 2.46615e-09 
4.70366e-05, 0.369142, 2.22844e-09 
4.47046e-05, 0.367269, 2.01313e-09 
4.24826e-05, 0.365401, 1.81815e-09 
4.03659e-05, 0.363538, 1.64163e-09 
3.83496e-05, 0.361679, 1.48186e-09 
3.64293e-05, 0.359826, 1.33729e-09 
3.46006e-05, 0.357977, 1.20651e-09 
3.28593e-05, 0.356132, 1.08823e-09 
3.12014e-05, 0.354293, 9.81281e-10 
2.96233e-05, 0.352458, 8.84609e-10 
2.81212e-05, 0.350628, 7.97248e-10 
2.66916e-05, 0.348803, 7.1832e-10 
2.53313e-05, 0.346983, 6.4703e-10 
2.4037e-05, 0.345167, 5.82657e-10 
2.28057e-05, 0.343357, 5.24544e-10 
2.16345e-05, 0.341551, 4.72098e-10 
2.05206e-05, 0.339749, 4.24777e-10 
1.94614e-05, 0.337953, 3.82094e-10 
1.84542e-05, 0.336161, 3.43603e-10 
1.74967e-05, 0.334375, 3.08903e-10 
1.65865e-05, 0.332592, 2.77629e-10 
1.57214e-05, 0.330815, 2.4945e-10 
1.48993e-05, 0.329043, 2.24067e-10 
1.41182e-05, 0.327275, 2.0121e-10 
1.3376e-05, 0.325512, 1.80632e-10 
1.26711e-05, 0.323754, 1.62111e-10 
1.20015e-05, 0.322, 1.45447e-10 
1.13657e-05, 0.320252, 1.30457e-10 
1.07619e-05, 0.318508, 1.16978e-10 
1.01887e-05, 0.316769, 1.04861e-10 
9.64459e-06, 0.315034, 9.39704e-11 
9.12816e-06, 0.313305, 8.41859e-11 
8.63808e-06, 0.31158, 7.53974e-11 
8.17307e-06, 0.30986, 6.75059e-11 
7.73191e-06, 0.308145, 6.0422e-11 
7.31343e-06, 0.306435, 5.40649e-11 
6.91654e-06, 0.304729, 4.83617e-11 
6.54017e-06, 0.303028, 4.32467e-11 
6.18332e-06, 0.301332, 3.86607e-11 
5.84501e-06, 0.299641, 3.45502e-11 
5.52435e-06, 0.297954, 3.08669e-11 
5.22044e-06, 0.296273, 2.75676e-11 
4.93247e-06, 0.294596, 2.46132e-11 
4.65963e-06, 0.292923, 2.19683e-11 
4.40117e-06, 0.291256, 1.96013e-11 
4.15638e-06, 0.289593, 1.74837e-11 
3.92455e-06, 0.287936, 1.55897e-11 
3.70505e-06, 0.286283, 1.38964e-11 
3.49725e-06, 0.284634, 1.2383e-11 
3.30055e-06, 0.282991, 1.10307e-11 
3.1144e-06, 0.281352, 9.82277e-12 
2.93825e-06, 0.279718, 8.74421e-12 
2.77159e-06, 0.278089, 7.78146e-12 
2.61394e-06, 0.276465, 6.92236e-12 
2.46484e-06, 0.274845, 6.15601e-12 
2.32384e-06, 0.27323, 5.47262e-12 
2.19053e-06, 0.27162, 4.86341e-12 
2.06451e-06, 0.270015, 4.32052e-12 
1.94539e-06, 0.268414, 3.8369e-12 
1.83283e-06, 0.266819, 3.40621e-12 
1.72647e-06, 0.265228, 3.0228e-12 
1.62599e-06, 0.263642, 2.68159e-12 
1.53109e-06, 0.26206, 2.37805e-12 
1.44146e-06, 0.260484, 2.10811e-12 
1.35684e-06, 0.258912, 1.86813e-12 
1.27695e-06, 0.257345, 1.65487e-12 
1.20154e-06, 0.255783, 1.46542e-12 
1.13038e-06, 0.254225, 1.29718e-12 
1.06324e-06, 0.252672, 1.14783e-12 
9.99891e-07, 0.251125, 1.0153e-12 
9.40143e-07, 0.249581, 8.97728e-13 
8.83799e-07, 0.248043, 7.93474e-13 
8.30672e-07, 0.246509, 7.01062e-13 
7.8059e-07, 0.244981, 6.19176e-13 
7.33385e-07, 0.243457, 5.46644e-13 
6.88901e-07, 0.241937, 4.82422e-13 
6.46989e-07, 0.240423, 4.25579e-13 
6.07508e-07, 0.238913, 3.75288e-13 
5.70323e-07, 0.237408, 3.30808e-13 
5.35307e-07, 0.235908, 2.91485e-13 
5.02341e-07, 0.234413, 2.56734e-13 
4.7131e-07, 0.232922, 2.26035e-13 
4.42106e-07, 0.231436, 1.98927e-13 
4.14627e-07, 0.229955, 1.74998e-13 
3.88776e-07, 0.228479, 1.53885e-13 
3.64461e-07, 0.227008, 1.35264e-13 
3.41596e-07, 0.225541, 1.18846e-13 
3.20098e-07, 0.224079, 1.04378e-13 
2.9989e-07, 0.222622, 9.16324e-14 
2.80898e-07, 0.221169, 8.04093e-14 
2.63053e-07, 0.219722, 7.05309e-14 
2.46289e-07, 0.218279, 6.18395e-14 
2.30543e-07, 0.216841, 5.41958e-14 
2.15756e-07, 0.215408, 4.74763e-14 
2.01874e-07, 0.213979, 4.15718e-14 
1.88843e-07, 0.212555, 3.63857e-14 
1.76615e-07, 0.211136, 3.18324e-14 
1.65141e-07, 0.209722, 2.78365e-14 
1.54378e-07, 0.208313, 2.43314e-14 
1.44283e-07, 0.206908, 2.1258e-14 
1.34818e-07, 0.205508, 1.85644e-14 
1.25945e-07, 0.204113, 1.62046e-14 
1.17629e-07, 0.202723, 1.41384e-14 
1.09836e-07, 0.201338, 1.23298e-14 
1.02535e-07, 0.199957, 1.07477e-14 
9.56974e-08, 0.198581, 9.36409e-15 
8.92943e-08, 0.19721, 8.15478e-15 
8.32997e-08, 0.195843, 7.09827e-15 
7.76889e-08, 0.194482, 6.17567e-15 
7.24383e-08, 0.193125, 5.3704e-15 
6.75262e-08, 0.191773, 4.66786e-15 
6.29316e-08, 0.190425, 4.05524e-15 
5.86352e-08, 0.189083, 3.52128e-15 
5.46184e-08, 0.187745, 3.05612e-15 
5.08641e-08, 0.186412, 2.65107e-15 
4.73558e-08, 0.185084, 2.29856e-15 
4.40782e-08, 0.18376, 1.99191e-15 
4.1017e-08, 0.182442, 1.72528e-15 
3.81585e-08, 0.181128, 1.49358e-15 
3.549e-08, 0.179819, 1.29233e-15 
3.29995e-08, 0.178514, 1.11761e-15 
3.06756e-08, 0.177215, 9.66006e-16 
2.85078e-08, 0.17592, 8.34525e-16 
2.64861e-08, 0.17463, 7.20556e-16 
2.46011e-08, 0.173345, 6.21818e-16 
2.28441e-08, 0.172064, 5.36319e-16 
2.12067e-08, 0.170788, 4.62325e-16 
1.96813e-08, 0.169517, 3.98321e-16 
1.82605e-08, 0.168251, 3.42988e-16 
1.69376e-08, 0.16699, 2.95178e-16 
1.5706e-08, 0.165733, 2.53889e-16 
1.45599e-08, 0.164481, 2.18253e-16 
1.34935e-08, 0.163234, 1.87511e-16 
1.25017e-08, 0.161992, 1.61008e-16 
1.15794e-08, 0.160754, 1.3817e-16 
1.07219e-08, 0.159522, 1.18503e-16 
9.92507e-09, 0.158294, 1.01576e-16 
9.1847e-09, 0.15707, 8.70151e-17 
8.49701e-09, 0.155852, 7.44972e-17 
7.85844e-09, 0.154638, 6.37419e-17 
7.26565e-09, 0.153429, 5.45063e-17 
6.71551e-09, 0.152225, 4.65805e-17 
6.20511e-09, 0.151026, 3.97828e-17 
5.73171e-09, 0.149831, 3.39561e-17 
5.29277e-09, 0.148642, 2.89646e-17 
4.8859e-09, 0.147457, 2.46914e-17 
4.50886e-09, 0.146276, 2.10353e-17 
4.15959e-09, 0.145101, 1.79091e-17 
3.83612e-09, 0.14393, 1.52377e-17 
3.53665e-09, 0.142764, 1.29564e-17 
3.25949e-09, 0.141603, 1.10094e-17 
3.00305e-09, 0.140446, 9.34887e-18 
2.76586e-09, 0.139295, 7.93349e-18 
2.54655e-09, 0.138148, 6.72788e-18 
2.34382e-09, 0.137006, 5.70163e-18 
2.1565e-09, 0.135868, 4.82863e-18 
1.98346e-09, 0.134736, 4.0865e-18 
1.82367e-09, 0.133608, 3.45603e-18 
1.67616e-09, 0.132485, 2.92079e-18 
1.54004e-09, 0.131367, 2.46671e-18 
1.41446e-09, 0.130253, 2.08175e-18 
1.29866e-09, 0.129145, 1.7556e-18 
1.19191e-09, 0.128041, 1.47949e-18 
1.09352e-09, 0.126941, 1.24589e-18 
1.00289e-09, 0.125847, 1.04841e-18 
9.19429e-10, 0.124757, 8.81577e-19 
8.42594e-10, 0.123673, 7.40739e-19 
7.71887e-10, 0.122592, 6.21933e-19 
7.06843e-10, 0.121517, 5.21785e-19 
6.4703e-10, 0.120446, 4.37429e-19 
5.92048e-10, 0.119381, 3.66427e-19 
5.41525e-10, 0.11832, 3.06711e-19 
4.95117e-10, 0.117263, 2.56525e-19 
4.52505e-10, 0.116212, 2.14381e-19 
4.13393e-10, 0.115165, 1.79017e-19 
3.77509e-10, 0.114123, 1.49366e-19 
3.44597e-10, 0.113086, 1.24525e-19 
3.14425e-10, 0.112054, 1.0373e-19 
2.86774e-10, 0.111026, 8.63358e-20 
2.61444e-10, 0.110003, 7.17984e-20 
2.38251e-10, 0.108985, 5.96585e-20 
2.17021e-10, 0.107971, 4.9529e-20 
1.97597e-10, 0.106963, 4.10841e-20 
1.79833e-10, 0.105959, 3.40496e-20 
1.63594e-10, 0.10496, 2.81948e-20 
1.48755e-10, 0.103966, 2.33261e-20 
1.352e-10, 0.102976, 1.92809e-20 
1.22825e-10, 0.101991, 1.59229e-20 
1.11532e-10, 0.101011, 1.31378e-20 
1.0123e-10, 0.100036, 1.08299e-20 
9.18361e-11, 0.0990655, 8.91919e-21 
8.32749e-11, 0.0980998, 7.3387e-21 
7.54758e-11, 0.0971389, 6.03258e-21 
6.83742e-11, 0.0961827, 4.9542e-21 
6.19106e-11, 0.0952312, 4.06467e-21 
5.60305e-11, 0.0942846, 3.33162e-21 
5.06838e-11, 0.0933427, 2.7281e-21 
4.58243e-11, 0.0924056, 2.23169e-21 
4.14097e-11, 0.0914732, 1.82378e-21 
3.74014e-11, 0.0905456, 1.48893e-21 
3.37635e-11, 0.0896227, 1.21432e-21 
3.04637e-11, 0.0887047, 9.89332e-22 
2.74718e-11, 0.0877913, 8.05193e-22 
2.47606e-11, 0.0868828, 6.54638e-22 
2.2305e-11, 0.085979, 5.31669e-22 
2.0082e-11, 0.0850799, 4.31335e-22 
1.80706e-11, 0.0841857, 3.49557e-22 
1.62517e-11, 0.0832962, 2.82974e-22 
1.46077e-11, 0.0824114, 2.2882e-22 
1.31225e-11, 0.0815314, 1.84822e-22 
1.17816e-11, 0.0806562, 1.49116e-22 
1.05716e-11, 0.0797857, 1.20171e-22 
9.48029e-12, 0.07892, 9.6733e-23 
8.49664e-12, 0.0780591, 7.77754e-23 
7.6105e-12, 0.0772029, 6.24594e-23 
6.81266e-12, 0.0763515, 5.00999e-23 
6.09474e-12, 0.0755048, 4.01377e-23 
5.4491e-12, 0.0746629, 3.21174e-23 
4.86883e-12, 0.0738258, 2.56681e-23 
4.3476e-12, 0.0729934, 2.04883e-23 
3.87969e-12, 0.0721658, 1.63333e-23 
3.45991e-12, 0.0713429, 1.30043e-23 
3.08353e-12, 0.0705248, 1.03406e-23 
2.74629e-12, 0.0697114, 8.21175e-24 
2.44429e-12, 0.0689028, 6.51264e-24 
2.17404e-12, 0.068099, 5.15823e-24 
1.93234e-12, 0.0672999, 4.08e-24 
1.71633e-12, 0.0665056, 3.22277e-24 
1.5234e-12, 0.065716, 2.54215e-24 
1.3512e-12, 0.0649312, 2.00248e-24 
1.19761e-12, 0.0641511, 1.57516e-24 
1.06071e-12, 0.0633758, 1.23727e-24 
9.38766e-13, 0.0626053, 9.70454e-25 
8.30227e-13, 0.0618395, 7.6007e-25 
7.33686e-13, 0.0610785, 5.94418e-25 
6.47878e-13, 0.0603222, 4.64175e-25 
5.71665e-13, 0.0595707, 3.61922e-25 
5.04025e-13, 0.0588239, 2.81764e-25 
4.44038e-13, 0.0580819, 2.19019e-25 
3.90878e-13, 0.0573446, 1.69981e-25 
3.43804e-13, 0.0566121, 1.31713e-25 
3.02152e-13, 0.0558844, 1.01896e-25 
2.65325e-13, 0.0551614, 7.87015e-26 
2.32792e-13, 0.0544431, 6.06866e-26 
2.04074e-13, 0.0537296, 4.67174e-26 
1.78744e-13, 0.0530209, 3.59031e-26 
1.56422e-13, 0.0523169, 2.7545e-26 
1.36766e-13, 0.0516177, 2.10961e-26 
1.19473e-13, 0.0509232, 1.61287e-26 
1.04272e-13, 0.0502334, 1.2309e-26 
9.09213e-14, 0.0495484, 9.37708e-27 
7.9206e-14, 0.0488682, 7.13049e-27 
6.89349e-14, 0.0481927, 5.41214e-27 
5.99383e-14, 0.047522, 4.1002e-27 
5.20651e-14, 0.046856, 3.1004e-27 
4.51816e-14, 0.0461947, 2.33989e-27 
3.9169e-14, 0.0455382, 1.76249e-27 
3.39221e-14, 0.0448865, 1.32495e-27 
2.93479e-14, 0.0442395, 9.94034e-28 
2.53641e-14, 0.0435972, 7.44256e-28 
2.18978e-14, 0.0429597, 5.56096e-28 
1.8885e-14, 0.042327, 4.14639e-28 
1.6269e-14, 0.0416989, 3.08511e-28 
1.39999e-14, 0.0410757, 2.29055e-28 
1.20338e-14, 0.0404572, 1.69692e-28 
1.0332e-14, 0.0398434, 1.25437e-28 
8.8607e-15, 0.0392343, 9.25154e-29 
7.58998e-15, 0.03863, 6.80794e-29 
6.49377e-15, 0.0380305, 4.99823e-29 
5.54918e-15, 0.0374357, 3.66099e-29 
4.73617e-15, 0.0368456, 2.67516e-29 
4.03724e-15, 0.0362603, 1.95009e-29 
3.43711e-15, 0.0356797, 1.41806e-29 
2.92242e-15, 0.0351039, 1.02862e-29 
2.48157e-15, 0.0345328, 7.44253e-30 
2.10442e-15, 0.0339664, 5.37122e-30 
1.78219e-15, 0.0334048, 3.86629e-30 
1.50723e-15, 0.0328479, 2.77568e-30 
1.27291e-15, 0.0322958, 1.98737e-30 
1.07351e-15, 0.0317484, 1.41907e-30 
9.04034e-16, 0.0312057, 1.01047e-30 
7.60203e-16, 0.0306678, 7.17502e-31 
6.38303e-16, 0.0301346, 5.08019e-31 
5.3514e-16, 0.0296061, 3.58652e-31 
4.47959e-16, 0.0290824, 2.52456e-31 
3.74394e-16, 0.0285634, 1.77171e-31 
3.12411e-16, 0.0280492, 1.23957e-31 
2.60266e-16, 0.0275397, 8.64578e-32 
2.16468e-16, 0.0270349, 6.01126e-32 
1.79737e-16, 0.0265348, 4.16612e-32 
1.48983e-16, 0.0260395, 2.87793e-32 
1.23276e-16, 0.0255489, 1.98146e-32 
1.01824e-16, 0.0250631, 1.35964e-32 
8.39531e-17, 0.0245819, 9.2975e-33 
6.90909e-17, 0.0241055, 6.33563e-33 
5.6753e-17, 0.0236338, 4.30196e-33 
4.65292e-17, 0.0231669, 2.9105e-33 
3.80727e-17, 0.0227047, 1.96185e-33 
3.10913e-17, 0.0222472, 1.31744e-33 
2.53385e-17, 0.0217944, 8.81323e-34 
2.06074e-17, 0.0213464, 5.8728e-34 
1.67244e-17, 0.020903, 3.8979e-34 
1.35438e-17, 0.0204645, 2.57668e-34 
1.0944e-17, 0.0200306, 1.69629e-34 
8.82338e-18, 0.0196014, 1.11202e-34 
7.0974e-18, 0.019177, 7.25889e-35 
5.6957e-18, 0.0187573, 4.71771e-35 
4.55992e-18, 0.0183423, 3.05254e-35 
3.64172e-18, 0.017932, 1.96617e-35 
2.90116e-18, 0.0175264, 1.26059e-35 
2.30531e-18, 0.0171256, 8.04411e-36 
1.82706e-18, 0.0167295, 5.1085e-36 
1.44418e-18, 0.0163381, 3.22832e-36 
1.13842e-18, 0.0159513, 2.02996e-36 
8.94898e-19, 0.0155694, 1.26993e-36 
7.01463e-19, 0.0151921, 7.90325e-37 
5.48235e-19, 0.0148195, 4.8924e-37 
4.27198e-19, 0.0144516, 3.01217e-37 
3.31865e-19, 0.0140885, 1.84429e-37 
2.56999e-19, 0.01373, 1.12284e-37 
1.98383e-19, 0.0133763, 6.79671e-38 
1.52632e-19, 0.0130273, 4.08991e-38 
1.17036e-19, 0.0126829, 2.4463e-38 
8.94311e-20, 0.0123433, 1.45422e-38 
6.80948e-20, 0.0120084, 8.59048e-39 
5.16601e-20, 0.0116781, 5.04211e-39 
3.90455e-20, 0.0113526, 2.94005e-39 
2.9398e-20, 0.0110317, 1.70287e-39 
2.20469e-20, 0.0107156, 9.79552e-40 
1.64671e-20, 0.0104041, 5.59539e-40 
1.22483e-20, 0.0100974, 3.17338e-40 
9.07137e-21, 0.00979527, 1.78663e-40 
6.6889e-21, 0.00949788, 9.98382e-41 
4.90982e-21, 0.00920518, 5.53655e-41 
3.58715e-21, 0.00891716, 3.04641e-41 
2.60822e-21, 0.00863382, 1.66292e-41 
1.88707e-21, 0.00835516, 9.00354e-42 
1.35836e-21, 0.00808118, 4.83434e-42 
9.72651e-22, 0.00781188, 2.57375e-42 
6.92695e-22, 0.00754725, 1.35839e-42 
4.90564e-22, 0.00728729, 7.10609e-43 
3.45413e-22, 0.00703201, 3.68391e-43 
2.41764e-22, 0.00678139, 1.89226e-43 
1.68176e-22, 0.00653543, 9.62874e-44 
1.16244e-22, 0.00629414, 4.85285e-44 
7.98203e-23, 0.00605751, 2.42208e-44 
5.44372e-23, 0.00582554, 1.19694e-44 
3.68649e-23, 0.00559822, 5.85572e-45 
2.47832e-23, 0.00537555, 2.8356e-45 
1.65353e-23, 0.00515753, 1.35896e-45 
1.0946e-23, 0.00494416, 6.44485e-46 
7.18733e-24, 0.00473543, 3.02424e-46 
4.67961e-24, 0.00453133, 1.40405e-46 
3.02025e-24, 0.00433188, 6.44897e-47 
1.93161e-24, 0.00413705, 2.9304e-47 
1.22373e-24, 0.00394685, 1.31735e-47 
7.67675e-25, 0.00376128, 5.85929e-48 
4.76675e-25, 0.00358032, 2.57875e-48 
2.92846e-25, 0.00340398, 1.12326e-48 
1.77926e-25, 0.00323226, 4.84364e-49 
1.06861e-25, 0.00306513, 2.06845e-49 
6.34116e-26, 0.00290261, 8.75192e-50 
3.71593e-26, 0.00274468, 3.67121e-50 
2.14923e-26, 0.00259134, 1.52787e-50 
1.22623e-26, 0.00244258, 6.31444e-51 
6.89732e-27, 0.0022984, 2.59441e-51 
3.82246e-27, 0.00215879, 1.06116e-51 
2.08587e-27, 0.00202375, 4.32771e-52 
1.12003e-27, 0.00189325, 1.76314e-52 
5.91397e-28, 0.00176731, 7.19167e-53 
3.06864e-28, 0.0016459, 2.94444e-53 
1.56365e-28, 0.00152903, 1.21365e-53 
7.81941e-29, 0.00141667, 5.05325e-54 
3.83512e-29, 0.00130882, 2.13356e-54 
1.84379e-29, 0.00120547, 9.17411e-55 
8.68507e-30, 0.0011066, 4.03664e-55 
4.00705e-30, 0.0010122, 1.82703e-55 
1.81059e-30, 0.000922266, 8.55447e-56 
8.01391e-31, 0.000836769, 4.16847e-56 
3.47668e-31, 0.000755697, 2.12729e-56 
1.48011e-31, 0.000679031, 1.14427e-56 
6.19557e-32, 0.00060675, 6.5292e-57 
2.55754e-32, 0.000538831, 3.97629e-57 
1.04567e-32, 0.000475249, 2.5989e-57 
4.26015e-33, 0.000415977, 1.83136e-57 
1.74367e-33, 0.000360982, 1.39547e-57 
7.24737e-34, 0.00031023, 1.15039e-57 
3.101e-34, 0.00026368, 1.02251e-57 
1.38896e-34, 0.000221286, 9.70322e-58 
6.64095e-35, 0.000182995, 9.62501e-58 
3.4635e-35, 0.000148746, 9.55619e-58 
2.01444e-35, 0.000118466, 8.6331e-58 
1.33308e-35, 9.20719e-05, 5.42987e-58 
1.01759e-35, 6.94598e-05, -1.10405e-59 
8.26796e-36, 5.16304e-05, 5.52025e-60 
