0
0.00207202
0.00415005
0.00623411
0.00832423
0.0104204
0.0125228
0.0146313
0.0167459
0.0188668
0.0209939
0.0231273
0.025267
0.027413
0.0295654
0.0317242
0.0338895
0.0360547
0.0382329
0.0404176
0.0426089
0.0448068
0.0470113
0.0492225
0.0514404
0.053665
0.0558964
0.0581346
0.0603796
0.0626315
0.0648904
0.0671561
0.0694289
0.0717086
0.0739954
0.0762894
0.0785904
0.0808986
0.083214
0.0855366
0.0878665
0.0902038
0.0925484
0.0949004
0.0972598
0.0996266
0.102001
0.104383
0.106773
0.10917
0.111574
0.113987
0.116407
0.118835
0.121271
0.123715
0.126167
0.128627
0.131094
0.13357
0.136054
0.138546
0.141046
0.143554
0.146071
0.148596
0.151129
0.153671
0.156221
0.158779
0.161346
0.163922
0.166506
0.169099
0.171701
0.174312
0.176931
0.179559
0.182196
0.184842
0.187497
0.190162
0.192835
0.195517
0.198209
0.20091
0.20362
0.20634
0.209069
0.211807
0.214555
0.217313
0.22008
0.222857
0.225643
0.22844
0.231246
0.234062
0.236888
0.239724
0.242571
0.245427
0.248293
0.25117
0.254057
0.256955
0.259862
0.262781
0.265709
0.268649
0.271599
0.274559
0.277531
0.280513
0.283506
0.286511
0.289526
0.292552
0.295589
0.298638
0.301698
0.304769
0.307852
0.310946
0.314051
0.317168
0.320297
0.323438
0.32659
0.329754
0.33293
0.336118
0.339318
0.342531
0.345755
0.348992
0.352241
0.355502
0.358776
0.362063
0.365362
0.368674
0.371998
0.375336
0.378686
0.38205
0.385426
0.388815
0.392218
0.395634
0.399064
0.402507
0.405963
0.409433
0.412917
0.416414
0.419925
0.42345
0.426989
0.430543
0.43411
0.437692
0.441288
0.444898
0.448523
0.452162
0.455816
0.459485
0.463168
0.466867
0.47058
0.474309
0.478053
0.481812
0.485586
0.489376
0.493181
0.497002
0.500838
0.50469
0.508559
0.512443
0.516343
0.520259
0.524192
0.528141
0.532106
0.536088
0.540086
0.544101
0.548133
0.552182
0.556248
0.560331
0.564431
0.568548
0.572683
0.576835
0.581005
0.585192
0.589397
0.593621
0.597862
0.602121
0.606398
0.610694
0.615008
0.61934
0.623691
0.628061
0.632449
0.636857
0.641283
0.645729
0.650194
0.654678
0.659181
0.663704
0.668247
0.67281
0.677392
0.681994
0.686617
0.691259
0.695922
0.700605
0.705309
0.710034
0.714779
0.719545
0.724332
0.72914
0.733969
0.73882
0.743692
0.748586
0.753501
0.758438
0.763397
0.768378
0.773381
0.778407
0.783455
0.788525
0.793618
0.798733
0.803872
0.809033
0.814217
0.819425
0.824656
0.829911
0.835189
0.84049
0.845816
0.851165
0.856539
0.861937
0.867359
0.872805
0.878276
0.883772
0.889292
0.894838
0.900409
0.906004
0.911625
0.917272
0.922944
0.928642
0.934365
0.940115
0.945891
0.951693
0.957521
0.963376
0.969257
0.975165
0.9811
0.987062
0.993051
0.999068
1.00511
1.01118
1.01728
1.02341
1.02956
1.03575
1.04196
1.0482
1.05447
1.06076
1.06709
1.07344
1.07982
1.08624
1.09268
1.09915
1.10565
1.11218
1.11874
1.12533
1.13195
1.1386
1.14528
1.152
1.15874
1.16551
1.17231
1.17915
1.18602
1.19291
1.19984
1.20681
1.2138
1.22082
1.22788
1.23497
1.24209
1.24925
1.25643
1.26365
1.27091
1.27819
1.28551
1.29286
1.30025
1.30767
1.31512
1.32261
1.33013
1.33769
1.34528
1.35291
1.36057
1.36826
1.37599
1.38376
1.39156
1.39939
1.40727
1.41517
1.42312
1.4311
1.43911
1.44717
1.45525
1.46338
1.47154
1.47974
1.48798
1.49625
1.50457
1.51292
1.5213
1.52973
1.53815
1.54666
1.5552
1.56378
1.57239
1.58105
1.58975
1.59848
1.60726
1.61607
1.62492
1.63382
1.64275
1.65172
1.66074
1.66979
1.67889
1.68803
1.6972
1.70642
1.71568
1.72499
1.73433
1.74372
1.75314
1.76261
1.77213
1.78168
1.79128
1.80092
1.8106
1.82033
1.8301
1.83991
1.84977
1.85967
1.86962
1.87961
1.88964
1.89972
1.90985
1.92002
1.93023
1.94049
1.9508
1.96115
1.97154
1.98199
1.99248
2.00301
2.0136
2.02422
2.0349
2.04562
2.05639
2.06721
2.07808
2.08899
2.09995
2.11097
2.12202
2.13313
2.14429
2.15549
2.16675
2.17805
2.18941
2.20081
2.21226
2.22377
2.23532
2.24692
2.25858
2.27029
2.28204
2.29385
2.30571
2.31762
2.32959
2.3416
2.35367
2.36579
2.37797
2.39019
2.40247
2.41481
2.42719
2.43963
2.45213
2.46468
2.47728
2.48994
2.50265
2.51541
2.52824
2.54111
2.55405
2.56704
2.58008
2.59318
2.60634
2.61955
2.63283
2.64615
2.65954
2.67298
2.68648
2.70004
2.71366
2.72733
2.74107
2.75486
2.76871
2.78262
2.79659
2.81062
2.82471
2.83886
2.85307
2.86735
2.88168
2.89607
2.91052
2.92504
2.93962
2.95426
2.96896
2.98372
2.99855
3.01344
3.02839
3.04341
3.05849
3.07363
3.08884
3.10411
3.11945
3.13485
3.15031
3.16585
3.18144
3.19711
3.21283
3.22863
3.24449
3.26042
3.27642
3.29248
3.30861
3.32481
3.34107
3.35741
3.37381
3.39028
3.40682
3.42343
3.44011
3.45686
3.47368
3.49057
3.50753
3.52456
3.54166
3.55884
3.57608
3.5934
3.61079
3.62825
3.64578
3.66339
3.68107
3.69883
3.71666
3.73456
3.75254
3.77059
3.78872
3.80692
3.8252
3.84355
3.86198
3.88049
3.89907
3.91773
3.93647
3.95528
3.97418
3.99315
4.0122
4.03132
4.05053
4.06982
4.08919
4.10863
4.12816
4.14777
4.16746
4.18723
4.20708
4.22702
4.24703
4.26705
4.28723
4.30749
4.32784
4.34828
4.36879
4.38939
4.41008
4.43085
4.45171
4.47265
4.49368
4.51479
4.536
4.55729
4.57866
4.60013
4.62168
4.64332
4.66505
4.68688
4.70879
4.73079
4.75288
4.77506
4.79733
4.81969
4.84215
4.8647
4.88734
4.91007
4.9329
4.95582
4.97884
5.00195
5.02515
5.04845
5.07184
5.09533
5.11892
5.14261
5.16639
5.19026
5.21424
5.23831
5.26249
5.28676
5.31113
5.3356
5.36017
5.38484
5.40962
5.43449
5.45946
5.48454
5.50972
5.535
5.56039
5.58588
5.61147
5.63717
5.66297
5.68888
5.71489
5.74101
5.76723
5.79356
5.82
5.84655
5.8732
5.89996
5.92683
5.95381
5.9809
6.0081
6.03541
6.06282
6.09035
6.11799
6.14574
6.17361
6.20158
6.22967
6.25787
6.28618
6.31461
6.34315
6.37181
6.40058
6.42946
6.45846
6.48758
6.51681
6.54615
6.57562
6.6052
6.6349
6.66471
6.69464
6.72469
6.75486
6.78515
6.81556
6.84608
6.87673
6.90749
6.93837
6.96938
7.0005
7.03175
7.06311
7.0946
7.12621
7.15794
7.18979
7.22177
7.25386
7.28608
7.31842
7.35088
7.38347
7.41618
7.44901
7.48197
7.51505
7.54825
7.58158
7.61503
7.64861
7.68231
7.71613
7.75008
7.78415
7.81835
7.85267
7.88712
7.92169
7.95639
7.99122
8.02616
8.06124
8.09643
8.13176
8.16721
8.20278
8.23848
8.27431
8.31026
8.34633
8.38253
8.41886
8.45531
8.49189
8.52859
8.56542
8.60238
8.63946
8.67666
8.71399
8.75145
8.78903
8.82673
8.86456
8.90252
8.9406
8.97881
9.01714
9.05559
9.09417
9.13288
9.17171
9.21066
9.24974
9.28895
9.32828
9.36773
9.40731
9.44701
9.48683
9.52678
9.56686
9.60705
9.64737
9.68782
9.72839
9.76908
9.8099
9.85084
9.8919
9.93309
9.9744
10.0158
10.0574
10.0991
10.1409
10.1828
10.2249
10.267
10.3093
10.3517
10.3943
10.437
10.4797
10.5227
10.5657
10.6088
10.6521
10.6955
10.7391
10.7827
10.8265
10.8704
10.9144
10.9585
11.0028
11.0472
11.0917
11.1363
11.1811
11.226
11.271
11.3161
11.3614
11.4068
11.4523
11.4979
11.5437
11.5895
11.6355
11.6817
11.7279
11.7743
11.8208
11.8674
11.9142
11.9611
12.0081
12.0552
12.1025
12.1498
12.1974
12.245
12.2928
12.3407
12.3887
12.4368
12.4851
12.5335
12.5821
12.6307
12.6795
12.7285
12.7775
12.8267
12.876
12.9255
12.9751
13.0248
13.0746
13.1246
13.1747
13.225
13.2754
13.3259
13.3766
13.4274
13.4783
13.5293
13.5805
13.6319
13.6834
13.735
13.7867
13.8386
13.8906
13.9428
13.9951
14.0476
14.1002
14.1529
14.2058
14.2588
14.312
14.3653
14.4188
14.4724
14.5261
14.58
14.6341
14.6883
14.7426
14.7971
14.8518
14.9066
14.9615
15.0166
15.0719
15.1273
15.1829
15.2386
15.2945
15.3505
15.4067
15.463
15.5195
15.5762
15.633
15.69
15.7472
15.8045
15.862
15.9196
15.9774
16.0354
16.0936
16.1519
16.2103
16.269
16.3278
16.3868
16.446
16.5053
16.5648
16.6245
16.6844
16.7444
16.8047
16.8651
16.9256
16.9864
17.0473
17.1085
17.1698
17.2313
17.293
17.3548
17.4169
17.4792
17.5416
17.6042
17.6671
17.7301
17.7933
17.8567
17.9203
17.9841
18.0481
18.1124
18.1768
18.2414
18.3062
18.3712
18.4365
18.5019
18.5676
18.6335
18.6995
18.7658
18.8323
18.8991
18.966
19.0332
19.1006
19.1682
19.236
19.3041
19.3724
19.4409
19.5096
19.5786
19.6478
19.7173
19.7869
19.8569
19.927
19.9974
20.0681
20.1389
20.2101
20.2815
20.3531
20.425
20.4971
20.5695
20.6421
20.715
20.7882
20.8616
20.9353
21.0093
21.0835
21.158
21.2327
21.3078
21.3831
21.4587
21.5345
21.6107
21.6871
21.7638
21.8408
21.9181
21.9957
22.0736
22.1518
22.2303
22.309
22.3881
22.4675
22.5472
22.6272
22.7075
22.7882
22.8691
22.9504
23.032
23.1139
23.1961
23.2787
23.3616
23.4449
23.5285
23.6124
23.6967
23.7813
23.8662
23.9516
24.0372
24.1233
24.2097
24.2964
24.3835
24.471
24.5589
24.6472
24.7358
24.8248
24.9142
25.004
25.0942
25.1848
25.2758
25.3671
25.4589
25.5512
25.6438
25.7368
25.8303
25.9242
26.0185
26.1132
26.2084
26.3041
26.4002
26.4967
26.5937
26.6911
26.789
26.8874
26.9863
27.0856
27.1854
27.2857
27.3865
27.4878
27.5896
27.6919
27.7947
27.898
28.0018
28.1062
28.2111
28.3165
28.4225
28.529
28.6361
28.7438
28.852
28.9607
29.0701
29.18
29.2906
29.4017
29.5134
29.6258
29.7387
29.8523
29.9665
30.0813
30.1968
30.313
30.4298
30.5472
30.6654
30.7842
30.9037
31.0239
31.1448
31.2664
31.3887
31.5118
31.6356
31.7602
31.8855
32.0116
32.1384
32.2661
32.3945
32.5238
32.6538
32.7847
32.9164
33.049
33.1824
33.3167
33.4519
33.588
33.7249
33.8628
34.0016
34.1414
34.2821
34.4237
34.5664
34.71
34.8547
35.0003
35.147
35.2948
35.4436
35.5935
35.7445
35.8966
36.0498
36.2042
36.3597
36.5164
36.6744
36.8335
36.9938
37.1555
37.3184
37.4825
37.648
37.8149
37.9831
38.1526
38.3236
38.496
38.6699
38.8452
39.022
39.2003
39.3802
39.5617
39.7448
39.9295
40.1158
40.3039
40.4937
40.6852
40.8785
41.0737
41.2707
41.4696
41.6704
41.8732
42.078
42.2848
42.4937
42.7048
42.918
43.1334
43.3511
43.571
43.7934
44.0181
44.2453
44.4751
44.7074
44.9423
45.1799
45.4202
45.6634
45.9094
46.1584
46.4104
46.6655
46.9238
47.1853
47.4501
47.7183
47.9901
48.2654
48.5444
48.8272
49.1139
49.4046
49.6993
49.9984
50.3017
50.6095
50.922
51.2391
51.5612
51.8883
52.2206
52.5583
52.9015
53.2504
53.6052
53.9661
54.3334
54.7072
55.0877
55.4753
55.8702
56.2727
56.683
57.1015
57.5284
57.9642
58.4092
58.8637
59.3283
59.8034
60.2893
60.7867
61.296
61.8179
62.353
62.9019
63.4654
64.0442
64.6392
65.2513
65.8814
66.5307
67.2004
67.8916
68.6059
69.3448
70.1099
70.9031
71.7267
72.5828
73.4741
74.4034
75.3743
76.3902
77.4555
78.5751
79.7545
81.0003
82.32
83.7225
85.2184
86.8203
88.5437
90.4072
92.4341
94.6538
97.1039
99.8334
102.908
